76 
 0 45 69 78 99 48 120 120 111 144 162 96 126 159 120 42 75 108 144 135 72 30 39 78 126 93 105 42 90 63 165 93 24 99 129 102 117 153 117 87 33 33 21 78 87 105 87 78 57 105 54 108 144 147 147 48 129 126 192 138 63 24 24 54 168 183 90 57 99 138 123 120 15 54 69 75
 45 0 72 39 60 27 84 81 102 120 129 75 84 120 78 54 54 120 102 96 45 48 75 102 126 63 63 30 48 21 150 90 30 60 93 72 78 123 105 75 78 72 63 81 45 66 54 39 81 111 45 66 108 102 153 90 87 102 153 108 60 24 48 90 138 153 54 21 78 105 93 102 27 21 36 45
 69 72 0 78 126 48 87 102 45 84 117 45 126 129 138 27 36 48 123 165 117 96 60 42 57 60 108 96 108 87 99 24 51 87 102 144 147 99 51 30 87 96 78 9 99 90 126 108 33 39 30 102 108 138 81 75 144 72 159 177 126 81 45 120 114 135 72 63 150 174 165 63 66 93 63 60
 78 39 78 0 54 36 48 42 93 93 96 57 51 84 60 72 45 126 63 90 66 87 105 117 120 36 30 63 33 27 129 87 60 21 54 81 75 93 87 63 114 111 99 81 21 27 63 42 99 111 48 27 72 69 147 120 66 75 114 108 90 63 75 126 105 117 21 21 93 102 99 81 63 48 15 21
 99 60 126 54 0 78 90 75 147 144 135 111 51 114 24 114 99 174 87 39 39 90 135 159 174 90 42 60 21 39 183 141 90 63 90 30 21 141 141 117 129 120 117 132 33 66 21 21 141 162 96 54 111 72 201 147 36 129 138 54 72 75 108 129 150 156 72 63 51 48 48 135 84 45 69 75
 48 27 48 36 78 0 69 75 78 99 114 51 87 111 93 36 30 99 96 117 72 66 69 84 102 42 66 54 63 39 126 66 27 54 81 96 99 105 78 48 81 81 69 54 51 60 75 60 63 84 18 63 96 105 129 84 99 81 144 129 84 42 42 102 120 135 42 15 102 126 117 78 36 48 24 27
 120 84 87 48 90 69 0 21 78 57 48 45 57 42 87 96 54 123 36 117 111 132 135 132 108 30 51 111 72 75 96 84 96 30 15 120 108 48 66 60 150 150 138 87 60 24 105 87 120 108 72 39 27 57 135 153 81 42 72 144 138 108 108 171 60 69 27 63 138 135 138 54 105 96 48 42
 120 81 102 42 75 75 21 0 96 78 60 63 36 42 66 105 66 141 24 99 102 129 141 144 126 42 33 105 57 66 117 102 99 21 15 105 90 66 87 75 153 153 141 102 48 15 90 75 132 123 81 21 36 39 153 159 63 63 72 126 129 105 114 171 75 81 30 63 123 117 120 75 105 87 51 48
 111 102 45 93 147 78 78 96 0 48 90 36 129 108 150 72 51 51 114 180 147 138 102 75 30 60 114 132 126 111 54 21 90 93 90 168 168 66 12 30 132 138 123 36 114 90 150 132 75 33 60 105 87 135 57 117 150 42 132 201 162 117 90 165 78 102 75 87 180 195 189 27 105 123 78 72
 144 120 84 93 144 99 57 78 48 0 45 48 114 72 141 108 69 99 84 174 159 165 144 120 69 60 105 150 126 120 39 66 120 84 66 174 165 21 36 57 168 174 159 78 111 78 156 138 120 81 87 93 51 111 90 159 138 18 90 198 180 141 123 198 33 54 75 99 189 192 192 24 132 138 87 78
 162 129 117 96 135 114 48 60 90 45 0 72 93 33 126 135 90 141 54 156 159 180 171 159 114 72 93 159 117 123 78 105 138 75 45 165 150 24 75 87 192 195 180 114 105 69 150 135 153 123 111 81 24 81 135 189 117 48 45 186 186 153 147 216 21 21 75 108 183 174 180 63 150 141 96 87
 96 75 45 57 111 51 45 63 36 48 72 0 93 84 114 63 21 78 81 144 117 117 99 87 66 24 78 105 90 78 75 39 72 57 60 135 132 57 30 15 123 126 111 42 78 54 117 99 78 63 39 69 63 102 93 117 114 30 111 165 135 93 78 150 72 90 39 54 147 159 156 27 84 93 45 36
 126 84 126 51 51 87 57 36 129 114 93 93 0 66 33 123 90 171 39 63 84 126 153 168 162 72 21 99 39 63 153 132 108 39 51 78 60 102 123 105 159 153 147 129 39 39 69 60 150 153 99 27 69 24 189 171 27 99 90 93 117 105 126 168 111 111 54 72 99 81 90 111 111 81 66 69
 159 120 129 84 114 111 42 42 108 72 33 84 66 0 99 138 96 159 27 129 144 171 177 171 138 72 72 147 99 108 108 120 138 63 30 144 126 51 96 99 192 192 180 126 90 57 132 117 159 141 114 63 21 51 162 192 90 66 33 159 171 147 150 210 54 48 69 102 162 147 156 81 144 129 90 84
 120 78 138 60 24 93 87 66 150 141 126 114 33 99 0 129 105 186 72 33 63 114 153 174 180 90 36 84 30 57 183 147 108 60 81 48 27 135 144 123 150 144 138 144 39 63 45 42 156 171 108 48 102 54 207 168 12 126 123 60 96 96 126 153 144 144 75 78 69 48 57 135 105 66 78 81
 42 54 27 72 114 36 96 105 72 108 135 63 123 138 129 0 42 69 129 150 99 72 39 48 84 66 102 72 99 72 123 51 27 87 111 126 132 120 78 51 63 69 54 36 90 93 108 93 27 63 27 99 120 138 108 57 135 93 168 162 102 54 18 96 135 153 75 51 129 159 147 84 39 75 57 57
 75 54 36 45 99 30 54 66 51 69 90 21 90 96 105 42 0 81 87 135 99 96 81 78 78 24 72 84 78 63 96 42 51 51 69 120 120 78 48 21 102 105 90 39 66 54 102 81 66 66 18 66 78 102 105 99 108 51 126 153 114 72 57 129 93 111 36 36 129 147 141 48 63 75 30 24
 108 120 48 126 174 99 123 141 51 99 141 78 171 159 186 69 81 0 162 213 165 138 84 39 33 102 153 144 156 135 90 39 96 132 138 192 195 117 63 66 117 126 114 42 147 132 174 156 54 18 78 144 138 180 42 93 189 93 186 228 171 126 84 153 129 153 117 111 198 225 213 78 111 144 108 105
 144 102 123 63 87 96 36 24 114 84 54 81 39 27 72 129 87 162 0 102 117 150 165 165 144 63 48 126 72 87 126 120 123 42 21 117 99 69 102 96 177 174 162 123 66 39 105 90 153 144 102 39 33 27 168 183 63 75 54 132 147 129 138 192 75 75 54 84 138 120 129 90 126 108 75 69
 135 96 165 90 39 117 117 99 180 174 156 144 63 129 33 150 135 213 102 0 66 120 171 198 210 123 69 93 54 78 213 177 129 93 114 39 18 165 174 153 162 153 150 168 69 96 48 57 177 198 135 81 132 81 237 183 39 159 150 30 93 108 147 156 174 177 105 102 57 18 33 165 120 81 105 111
 72 45 117 66 39 72 111 102 147 159 159 117 84 144 63 99 99 165 117 66 0 54 108 144 174 99 72 27 45 39 192 138 72 84 117 30 48 159 147 120 96 87 87 126 54 90 18 27 123 156 90 81 135 108 198 120 75 141 171 66 33 48 87 90 171 180 87 63 33 69 51 144 60 24 72 81
 30 48 96 87 90 66 132 129 138 165 180 117 126 171 114 72 96 138 150 120 54 0 63 108 156 108 108 27 87 63 189 120 48 108 141 84 102 171 141 111 45 33 36 105 87 114 72 69 87 132 78 114 159 150 177 69 123 147 201 117 36 24 54 42 186 201 105 69 78 120 102 144 33 48 84 90
 39 75 60 105 135 69 135 141 102 144 171 99 153 177 153 39 81 84 165 171 108 63 0 48 108 105 132 81 123 96 156 81 45 123 147 141 153 156 111 87 33 45 30 66 117 126 123 114 30 84 63 132 159 171 126 18 162 129 207 174 99 63 27 69 171 192 111 81 138 177 159 120 48 90 90 93
 78 102 42 117 159 84 132 144 75 120 159 87 168 171 174 48 78 39 165 198 144 108 48 0 69 102 147 117 144 120 123 54 72 129 147 171 180 138 87 72 78 90 78 45 135 132 153 141 21 45 66 141 150 180 81 54 180 111 198 207 141 99 54 117 153 174 114 99 174 207 192 99 84 120 102 99
 126 126 57 120 174 102 108 126 30 69 114 66 162 138 180 84 78 33 144 210 174 156 108 69 0 90 144 153 156 138 54 36 108 123 120 195 195 90 42 57 141 150 135 48 141 120 177 159 78 24 84 135 117 165 27 123 183 69 159 228 183 138 102 177 102 123 108 111 204 222 216 54 123 150 105 99
 93 63 60 36 90 42 30 42 60 60 72 24 72 72 90 66 24 102 63 123 99 108 105 102 90 0 54 93 69 60 96 60 69 33 45 114 108 63 54 36 123 123 111 60 54 33 96 78 90 84 42 45 54 78 117 123 93 42 102 144 120 84 78 147 78 93 18 39 129 135 135 45 78 78 27 18
 105 63 108 30 42 66 51 33 114 105 93 78 21 72 36 102 72 153 48 69 72 108 132 147 144 54 0 81 27 42 144 114 87 24 48 72 60 99 108 90 138 135 126 111 18 27 60 45 129 138 78 12 69 42 174 150 36 90 102 93 102 87 105 147 108 114 39 51 90 84 87 99 90 63 45 48
 42 30 96 63 60 54 111 105 132 150 159 105 99 147 84 72 84 144 126 93 27 27 81 117 153 93 81 0 60 39 180 117 48 84 117 60 75 153 132 102 69 60 57 105 63 93 45 42 96 135 72 87 138 123 180 90 96 132 177 93 30 18 63 69 168 180 84 51 57 96 78 132 33 18 66 75
 90 48 108 33 21 63 72 57 126 126 117 90 39 99 30 99 78 156 72 54 45 87 123 144 156 69 27 60 0 27 162 120 78 42 72 48 42 120 120 99 123 117 111 114 12 48 33 18 126 144 78 36 93 63 183 138 39 108 126 75 78 69 96 129 132 138 51 48 66 69 66 114 75 39 48 54
 63 21 87 27 39 39 75 66 111 120 123 78 63 108 57 72 63 135 87 78 39 63 96 120 138 60 42 39 27 0 153 102 51 48 81 57 60 120 108 81 96 90 84 93 24 54 39 21 99 123 57 48 99 84 165 111 66 102 141 90 63 42 69 105 135 144 48 27 69 87 78 105 48 21 33 42
 165 150 99 129 183 126 96 117 54 39 78 75 153 108 183 123 96 90 126 213 192 189 156 123 54 96 144 180 162 153 0 75 141 123 105 210 204 57 48 78 186 192 177 90 150 117 192 174 126 78 111 132 93 150 66 171 180 54 123 237 210 168 141 219 60 78 111 132 222 228 228 48 156 171 120 111
 93 90 24 87 141 66 84 102 21 66 105 39 132 120 147 51 42 39 120 177 138 120 81 54 36 60 114 117 120 102 75 0 72 93 99 162 162 84 33 27 111 120 105 15 108 93 141 123 54 24 48 105 99 141 63 96 150 57 147 195 147 102 69 147 99 120 75 78 168 189 183 45 87 114 72 66
 24 30 51 60 90 27 96 99 90 120 138 72 108 138 108 27 51 96 123 129 72 48 45 72 108 69 87 48 78 51 141 72 0 78 108 102 111 129 93 63 54 57 42 60 72 84 84 69 51 87 30 87 120 129 132 60 117 102 168 135 75 30 18 78 144 159 69 39 105 135 123 96 15 51 48 54
 99 60 87 21 63 54 30 21 93 84 75 57 39 63 60 87 51 132 42 93 84 108 123 129 123 33 24 84 42 48 123 93 78 0 33 90 81 78 84 66 132 132 120 90 30 6 75 57 114 114 63 12 54 51 150 138 60 66 93 117 111 84 96 147 90 99 15 42 108 108 108 75 84 66 30 30
 129 93 102 54 90 81 15 15 90 66 45 60 51 30 81 111 69 138 21 114 117 141 147 147 120 45 48 117 72 81 105 99 108 33 0 120 105 54 81 75 162 162 150 102 63 27 105 90 135 120 84 36 21 45 147 165 75 54 63 141 144 117 120 180 63 66 39 72 138 129 135 66 114 102 60 54
 102 72 144 81 30 96 120 105 168 174 165 135 78 144 48 126 120 192 117 39 30 84 141 171 195 114 72 60 48 57 210 162 102 90 120 0 24 168 165 141 129 117 117 150 60 96 18 39 150 180 114 84 141 102 222 150 60 156 168 36 54 78 117 117 180 186 99 84 21 36 21 159 90 51 90 99
 117 78 147 75 21 99 108 90 168 165 150 132 60 126 27 132 120 195 99 18 48 102 153 180 195 108 60 75 42 60 204 162 111 81 105 24 0 159 162 138 144 135 132 153 54 84 30 39 159 183 117 72 126 81 222 165 39 147 150 36 78 90 129 138 168 171 93 84 45 27 30 153 102 63 90 96
 153 123 99 93 141 105 48 66 66 21 24 57 102 51 135 120 78 117 69 165 159 171 156 138 90 63 99 153 120 120 57 84 129 78 54 168 159 0 54 69 180 183 168 96 108 72 153 135 135 102 96 87 36 96 111 174 129 27 69 192 183 147 135 207 15 36 72 102 186 183 186 39 141 141 90 81
 117 105 51 87 141 78 66 87 12 36 75 30 123 96 144 78 48 63 102 174 147 141 111 87 42 54 108 132 120 108 48 33 93 84 81 165 162 54 0 30 141 144 129 45 108 84 147 129 84 48 63 99 75 126 66 126 144 30 120 198 162 120 96 171 66 90 69 84 177 189 186 15 108 123 75 66
 87 75 30 63 117 48 60 75 30 57 87 15 105 99 123 51 21 66 96 153 120 111 87 72 57 36 90 102 99 81 78 27 63 66 75 141 138 69 30 0 114 117 102 27 84 66 120 102 66 48 33 81 78 114 84 105 126 42 126 171 132 90 66 141 84 105 51 57 150 165 162 33 78 96 48 42
 33 78 87 114 129 81 150 153 132 168 192 123 159 192 150 63 102 117 177 162 96 45 33 78 141 123 138 69 123 96 186 111 54 132 162 129 144 180 141 114 0 12 12 96 120 138 114 108 63 117 84 141 177 180 159 30 162 153 225 162 78 54 45 36 195 213 123 93 120 165 147 147 51 84 102 108
 33 72 96 111 120 81 150 153 138 174 195 126 153 192 144 69 105 126 174 153 87 33 45 90 150 123 135 60 117 90 192 120 57 132 162 117 135 183 144 117 12 0 15 105 114 138 105 102 72 126 87 138 177 177 168 42 156 156 222 150 66 48 51 27 198 216 123 90 108 153 135 150 48 78 102 108
 21 63 78 99 117 69 138 141 123 159 180 111 147 180 138 54 90 114 162 150 87 36 30 78 135 111 126 57 111 84 177 105 42 120 150 117 132 168 129 102 12 15 0 87 108 126 102 96 57 111 72 126 162 168 153 36 150 144 210 150 72 42 36 42 183 201 111 78 111 153 135 135 36 72 90 96
 78 81 9 81 132 54 87 102 36 78 114 42 129 126 144 36 39 42 123 168 126 105 66 45 48 60 111 105 114 93 90 15 60 90 102 150 153 96 45 27 96 105 87 0 102 93 132 114 39 30 36 102 105 141 75 81 147 66 156 186 135 87 54 129 108 129 75 69 159 180 171 54 75 102 66 63
 87 45 99 21 33 51 60 48 114 111 105 78 39 90 39 90 66 147 66 69 54 87 117 135 141 54 18 63 12 24 150 108 72 30 63 60 54 108 108 84 120 114 108 102 0 36 45 27 117 132 69 27 81 60 171 132 45 96 117 90 84 66 90 129 120 129 39 36 78 81 81 102 72 42 36 42
 105 66 90 27 66 60 24 15 90 78 69 54 39 57 63 93 54 132 39 96 90 114 126 132 120 33 27 93 48 54 117 93 84 6 27 96 84 72 84 66 138 138 126 93 36 0 81 63 117 117 66 15 48 48 150 144 63 63 87 120 117 90 99 156 84 93 18 48 114 111 114 72 90 75 36 33
 87 54 126 63 21 75 105 90 150 156 150 117 69 132 45 108 102 174 105 48 18 72 123 153 177 96 60 45 33 39 192 141 84 75 105 18 30 153 147 120 114 105 102 132 45 81 0 18 132 162 96 69 126 93 204 135 57 138 159 54 51 63 102 108 165 171 81 66 33 51 39 141 75 33 72 81
 78 39 108 42 21 60 87 75 132 138 135 99 60 117 42 93 81 156 90 57 27 69 114 141 159 78 45 42 18 21 174 123 69 57 90 39 39 135 129 102 108 102 96 114 27 63 18 0 120 144 78 54 111 84 186 126 54 120 144 69 57 54 87 111 147 156 63 48 51 66 57 123 63 24 54 63
 57 81 33 99 141 63 120 132 75 120 153 78 150 159 156 27 66 54 153 177 123 87 30 21 78 90 129 96 126 99 126 54 51 114 135 150 159 135 84 66 63 72 57 39 117 117 132 120 0 54 51 126 141 165 96 42 162 108 192 186 120 75 33 99 150 168 99 78 153 186 171 96 63 99 84 84
 105 111 39 111 162 84 108 123 33 81 123 63 153 141 171 63 66 18 144 198 156 132 84 45 24 84 138 135 144 123 78 24 87 114 120 180 183 102 48 48 117 126 111 30 132 117 162 144 54 0 66 129 120 162 45 96 174 75 168 213 162 117 78 153 114 135 99 99 189 210 201 60 102 132 93 90
 54 45 30 48 96 18 72 81 60 87 111 39 99 114 108 27 18 78 102 135 90 78 63 66 84 42 78 72 78 57 111 48 30 63 84 114 117 96 63 33 84 87 72 36 69 66 96 78 51 66 0 75 96 114 108 81 114 72 144 147 102 57 39 111 111 129 48 33 123 144 135 66 45 66 33 33
 108 66 102 27 54 63 39 21 105 93 81 69 27 63 48 99 66 144 39 81 81 114 132 141 135 45 12 87 36 48 132 105 87 12 36 84 72 87 99 81 141 138 126 102 27 15 69 54 126 129 75 0 57 39 162 150 48 78 93 105 111 90 105 153 96 102 30 51 102 96 99 87 90 69 42 42
 144 108 108 72 111 96 27 36 87 51 24 63 69 21 102 120 78 138 33 132 135 159 159 150 117 54 69 138 93 99 93 99 120 54 21 141 126 36 75 78 177 177 162 105 81 48 126 111 141 120 96 57 0 60 141 177 96 45 51 162 162 135 132 198 42 45 54 87 159 150 156 60 129 120 75 69
 147 102 138 69 72 105 57 39 135 111 81 102 24 51 54 138 102 180 27 81 108 150 171 180 165 78 42 123 63 84 150 141 129 51 45 102 81 96 126 114 180 177 168 141 60 48 93 84 165 162 114 39 60 0 192 189 42 99 69 111 141 129 144 189 102 99 66 90 123 99 111 111 129 102 81 81
 147 153 81 147 201 129 135 153 57 90 135 93 189 162 207 108 105 42 168 237 198 177 126 81 27 117 174 180 183 165 66 63 132 150 147 222 222 111 66 84 159 168 153 75 171 150 204 186 96 45 108 162 141 192 0 135 210 96 180 255 207 162 123 195 120 141 135 138 231 252 243 81 147 174 135 126
 48 90 75 120 147 84 153 159 117 159 189 117 171 192 168 57 99 93 183 183 120 69 18 54 123 123 150 90 138 111 171 96 60 138 165 150 165 174 126 105 30 42 36 81 132 144 135 126 42 96 81 150 177 189 135 0 177 147 225 186 108 75 45 66 189 207 129 99 147 186 171 135 63 102 108 111
 129 87 144 66 36 99 81 63 150 138 117 114 27 90 12 135 108 189 63 39 75 123 162 180 183 93 36 96 39 66 180 150 117 60 75 60 39 129 144 126 162 156 150 147 45 63 57 54 162 174 114 48 96 42 210 177 0 123 111 69 108 108 135 165 138 138 75 84 81 57 69 135 114 78 81 84
 126 102 72 75 129 81 42 63 42 18 48 30 99 66 126 93 51 93 75 159 141 147 129 111 69 42 90 132 108 102 54 57 102 66 54 156 147 27 30 42 153 156 144 66 96 63 138 120 108 75 72 78 45 99 96 147 123 0 90 183 162 123 108 180 42 63 57 81 171 174 174 15 114 120 69 60
 192 153 159 114 138 144 72 72 132 90 45 111 90 33 123 168 126 186 54 150 171 201 207 198 159 102 102 177 126 141 123 147 168 93 63 168 150 69 120 126 225 222 210 156 117 87 159 144 192 168 144 93 51 69 180 225 111 90 0 180 201 177 180 243 63 45 99 135 189 168 180 105 177 159 120 114
 138 108 177 108 54 129 144 126 201 198 186 165 93 159 60 162 153 228 132 30 66 117 174 207 228 144 93 93 75 90 237 195 135 117 141 36 36 192 198 171 162 150 150 186 90 120 54 69 186 213 147 105 162 111 255 186 69 183 180 0 84 114 153 147 201 204 126 117 42 12 15 189 126 87 123 129
 63 60 126 90 72 84 138 129 162 180 186 135 117 171 96 102 114 171 147 93 33 36 99 141 183 120 102 30 78 63 210 147 75 111 144 54 78 183 162 132 78 66 72 135 84 117 51 57 120 162 102 111 162 141 207 108 108 162 201 84 0 45 87 63 198 207 111 81 42 90 69 162 60 45 93 102
 24 24 81 63 75 42 108 105 117 141 153 93 105 147 96 54 72 126 129 108 48 24 63 99 138 84 87 18 69 42 168 102 30 84 117 78 90 147 120 90 54 48 42 87 66 90 63 54 75 117 57 90 135 129 162 75 108 123 177 114 45 0 42 63 162 177 81 45 78 114 99 120 15 30 60 66
 24 48 45 75 108 42 108 114 90 123 147 78 126 150 126 18 57 84 138 147 87 54 27 54 102 78 105 63 96 69 141 69 18 96 120 117 129 135 96 66 45 51 36 54 90 99 102 87 33 78 39 105 132 144 123 45 135 108 180 153 87 42 0 75 150 168 84 54 120 153 138 102 27 66 63 66
 54 90 120 126 129 102 171 171 165 198 216 150 168 210 153 96 129 153 192 156 90 42 69 117 177 147 147 69 129 105 219 147 78 147 180 117 138 207 171 141 36 27 42 129 129 156 108 111 99 153 111 153 198 189 195 66 165 180 243 147 63 63 75 0 222 237 144 108 105 153 132 177 66 87 123 129
 168 138 114 105 150 120 60 75 78 33 21 72 111 54 144 135 93 129 75 174 171 186 171 153 102 78 108 168 132 135 60 99 144 90 63 180 168 15 66 84 195 198 183 108 120 84 165 147 150 114 111 96 42 102 120 189 138 42 63 201 198 162 150 222 0 21 84 117 198 192 198 54 153 153 102 96
 183 153 135 117 156 135 69 81 102 54 21 90 111 48 144 153 111 153 75 177 180 201 192 174 123 93 114 180 138 144 78 120 159 99 66 186 171 36 90 105 213 216 201 129 129 93 171 156 168 135 129 102 45 99 141 207 138 63 45 204 207 177 168 237 21 0 96 129 204 195 201 75 171 165 117 108
 90 54 72 21 72 42 27 30 75 75 75 39 54 69 75 75 36 117 54 105 87 105 111 114 108 18 39 84 51 48 111 75 69 15 39 99 93 72 69 51 123 123 111 75 39 18 81 63 99 99 48 30 54 66 135 129 75 57 99 126 111 81 84 144 84 96 0 33 114 120 120 63 75 69 21 15
 57 21 63 21 63 15 63 63 87 99 108 54 72 102 78 51 36 111 84 102 63 69 81 99 111 39 51 51 48 27 132 78 39 42 72 84 84 102 84 57 93 90 78 69 36 48 66 48 78 99 33 51 87 90 138 99 84 81 135 117 81 45 54 108 117 129 33 0 93 114 105 81 42 39 12 21
 99 78 150 93 51 102 138 123 180 189 183 147 99 162 69 129 129 198 138 57 33 78 138 174 204 129 90 57 66 69 222 168 105 108 138 21 45 186 177 150 120 108 111 159 78 114 33 51 153 189 123 102 159 123 231 147 81 171 189 42 42 78 120 105 198 204 114 93 0 48 27 174 90 57 102 111
 138 105 174 102 48 126 135 117 195 192 174 159 81 147 48 159 147 225 120 18 69 120 177 207 222 135 84 96 69 87 228 189 135 108 129 36 27 183 189 165 165 153 153 180 81 111 51 66 186 210 144 96 150 99 252 186 57 174 168 12 90 114 153 153 192 195 120 114 48 0 24 183 126 87 117 123
 123 93 165 99 48 117 138 120 189 192 180 156 90 156 57 147 141 213 129 33 51 102 159 192 216 135 87 78 66 78 228 183 123 108 135 21 30 186 186 162 147 135 135 171 81 114 39 57 171 201 135 99 156 111 243 171 69 174 180 15 69 99 138 132 198 201 120 105 27 24 0 180 111 72 111 120
 120 102 63 81 135 78 54 75 27 24 63 27 111 81 135 84 48 78 90 165 144 144 120 99 54 45 99 132 114 105 48 45 96 75 66 159 153 39 15 33 147 150 135 54 102 72 141 123 96 60 66 87 60 111 81 135 135 15 105 189 162 120 102 177 54 75 63 81 174 183 180 0 111 120 72 63
 15 27 66 63 84 36 105 105 105 132 150 84 111 144 105 39 63 111 126 120 60 33 48 84 123 78 90 33 75 48 156 87 15 84 114 90 102 141 108 78 51 48 36 75 72 90 75 63 63 102 45 90 129 129 147 63 114 114 177 126 60 15 27 66 153 171 75 42 90 126 111 111 0 42 54 63
 54 21 93 48 45 48 96 87 123 138 141 93 81 129 66 75 75 144 108 81 24 48 90 120 150 78 63 18 39 21 171 114 51 66 102 51 63 141 123 96 84 78 72 102 42 75 33 24 99 132 66 69 120 102 174 102 78 120 159 87 45 30 66 87 153 165 69 39 57 87 72 120 42 0 51 60
 69 36 63 15 69 24 48 51 78 87 96 45 66 90 78 57 30 108 75 105 72 84 90 102 105 27 45 66 48 33 120 72 48 30 60 90 90 90 75 48 102 102 90 66 36 36 72 54 84 93 33 42 75 81 135 108 81 69 120 123 93 60 63 123 102 117 21 12 102 117 111 72 54 51 0 9
 75 45 60 21 75 27 42 48 72 78 87 36 69 84 81 57 24 105 69 111 81 90 93 99 99 18 48 75 54 42 111 66 54 30 54 99 96 81 66 42 108 108 96 63 42 33 81 63 84 90 33 42 69 81 126 111 84 60 114 129 102 66 66 129 96 108 15 21 111 123 120 63 63 60 9 0
 0 105 161 182 231 112 280 280 259 336 378 224 294 371 280 98 175 252 336 315 168 70 91 182 294 217 245 98 210 147 385 217 56 231 301 238 273 357 273 203 77 77 49 182 203 245 203 182 133 245 126 252 336 343 343 112 301 294 448 322 147 56 56 126 392 427 210 133 231 322 287 280 35 126 161 175
 105 0 168 91 140 63 196 189 238 280 301 175 196 280 182 126 126 280 238 224 105 112 175 238 294 147 147 70 112 49 350 210 70 140 217 168 182 287 245 175 182 168 147 189 105 154 126 91 189 259 105 154 252 238 357 210 203 238 357 252 140 56 112 210 322 357 126 49 182 245 217 238 63 49 84 105
 161 168 0 182 294 112 203 238 105 196 273 105 294 301 322 63 84 112 287 385 273 224 140 98 133 140 252 224 252 203 231 56 119 203 238 336 343 231 119 70 203 224 182 21 231 210 294 252 77 91 70 238 252 322 189 175 336 168 371 413 294 189 105 280 266 315 168 147 350 406 385 147 154 217 147 140
 182 91 182 0 126 84 112 98 217 217 224 133 119 196 140 168 105 294 147 210 154 203 245 273 280 84 70 147 77 63 301 203 140 49 126 189 175 217 203 147 266 259 231 189 49 63 147 98 231 259 112 63 168 161 343 280 154 175 266 252 210 147 175 294 245 273 49 49 217 238 231 189 147 112 35 49
 231 140 294 126 0 182 210 175 343 336 315 259 119 266 56 266 231 406 203 91 91 210 315 371 406 210 98 140 49 91 427 329 210 147 210 70 49 329 329 273 301 280 273 308 77 154 49 49 329 378 224 126 259 168 469 343 84 301 322 126 168 175 252 301 350 364 168 147 119 112 112 315 196 105 161 175
 112 63 112 84 182 0 161 175 182 231 266 119 203 259 217 84 70 231 224 273 168 154 161 196 238 98 154 126 147 91 294 154 63 126 189 224 231 245 182 112 189 189 161 126 119 140 175 140 147 196 42 147 224 245 301 196 231 189 336 301 196 98 98 238 280 315 98 35 238 294 273 182 84 112 56 63
 280 196 203 112 210 161 0 49 182 133 112 105 133 98 203 224 126 287 84 273 259 308 315 308 252 70 119 259 168 175 224 196 224 70 35 280 252 112 154 140 350 350 322 203 140 56 245 203 280 252 168 91 63 133 315 357 189 98 168 336 322 252 252 399 140 161 63 147 322 315 322 126 245 224 112 98
 280 189 238 98 175 175 49 0 224 182 140 147 84 98 154 245 154 329 56 231 238 301 329 336 294 98 77 245 133 154 273 238 231 49 35 245 210 154 203 175 357 357 329 238 112 35 210 175 308 287 189 49 84 91 357 371 147 147 168 294 301 245 266 399 175 189 70 147 287 273 280 175 245 203 119 112
 259 238 105 217 343 182 182 224 0 112 210 84 301 252 350 168 119 119 266 420 343 322 238 175 70 140 266 308 294 259 126 49 210 217 210 392 392 154 28 70 308 322 287 84 266 210 350 308 175 77 140 245 203 315 133 273 350 98 308 469 378 273 210 385 182 238 175 203 420 455 441 63 245 287 182 168
 336 280 196 217 336 231 133 182 112 0 105 112 266 168 329 252 161 231 196 406 371 385 336 280 161 140 245 350 294 280 91 154 280 196 154 406 385 49 84 133 392 406 371 182 259 182 364 322 280 189 203 217 119 259 210 371 322 42 210 462 420 329 287 462 77 126 175 231 441 448 448 56 308 322 203 182
 378 301 273 224 315 266 112 140 210 105 0 168 217 77 294 315 210 329 126 364 371 420 399 371 266 168 217 371 273 287 182 245 322 175 105 385 350 56 175 203 448 455 420 266 245 161 350 315 357 287 259 189 56 189 315 441 273 112 105 434 434 357 343 504 49 49 175 252 427 406 420 147 350 329 224 203
 224 175 105 133 259 119 105 147 84 112 168 0 217 196 266 147 49 182 189 336 273 273 231 203 154 56 182 245 210 182 175 91 168 133 140 315 308 133 70 35 287 294 259 98 182 126 273 231 182 147 91 161 147 238 217 273 266 70 259 385 315 217 182 350 168 210 91 126 343 371 364 63 196 217 105 84
 294 196 294 119 119 203 133 84 301 266 217 217 0 154 77 287 210 399 91 147 196 294 357 392 378 168 49 231 91 147 357 308 252 91 119 182 140 238 287 245 371 357 343 301 91 91 161 140 350 357 231 63 161 56 441 399 63 231 210 217 273 245 294 392 259 259 126 168 231 189 210 259 259 189 154 161
 371 280 301 196 266 259 98 98 252 168 77 196 154 0 231 322 224 371 63 301 336 399 413 399 322 168 168 343 231 252 252 280 322 147 70 336 294 119 224 231 448 448 420 294 210 133 308 273 371 329 266 147 49 119 378 448 210 154 77 371 399 343 350 490 126 112 161 238 378 343 364 189 336 301 210 196
 280 182 322 140 56 217 203 154 350 329 294 266 77 231 0 301 245 434 168 77 147 266 357 406 420 210 84 196 70 133 427 343 252 140 189 112 63 315 336 287 350 336 322 336 91 147 105 98 364 399 252 112 238 126 483 392 28 294 287 140 224 224 294 357 336 336 175 182 161 112 133 315 245 154 182 189
 98 126 63 168 266 84 224 245 168 252 315 147 287 322 301 0 98 161 301 350 231 168 91 112 196 154 238 168 231 168 287 119 63 203 259 294 308 280 182 119 147 161 126 84 210 217 252 217 63 147 63 231 280 322 252 133 315 217 392 378 238 126 42 224 315 357 175 119 301 371 343 196 91 175 133 133
 175 126 84 105 231 70 126 154 119 161 210 49 210 224 245 98 0 189 203 315 231 224 189 182 182 56 168 196 182 147 224 98 119 119 161 280 280 182 112 49 238 245 210 91 154 126 238 189 154 154 42 154 182 238 245 231 252 119 294 357 266 168 133 301 217 259 84 84 301 343 329 112 147 175 70 56
 252 280 112 294 406 231 287 329 119 231 329 182 399 371 434 161 189 0 378 497 385 322 196 91 77 238 357 336 364 315 210 91 224 308 322 448 455 273 147 154 273 294 266 98 343 308 406 364 126 42 182 336 322 420 98 217 441 217 434 532 399 294 196 357 301 357 273 259 462 525 497 182 259 336 252 245
 336 238 287 147 203 224 84 56 266 196 126 189 91 63 168 301 203 378 0 238 273 350 385 385 336 147 112 294 168 203 294 280 287 98 49 273 231 161 238 224 413 406 378 287 154 91 245 210 357 336 238 91 77 63 392 427 147 175 126 308 343 301 322 448 175 175 126 196 322 280 301 210 294 252 175 161
 315 224 385 210 91 273 273 231 420 406 364 336 147 301 77 350 315 497 238 0 154 280 399 462 490 287 161 217 126 182 497 413 301 217 266 91 42 385 406 357 378 357 350 392 161 224 112 133 413 462 315 189 308 189 553 427 91 371 350 70 217 252 343 364 406 413 245 238 133 42 77 385 280 189 245 259
 168 105 273 154 91 168 259 238 343 371 371 273 196 336 147 231 231 385 273 154 0 126 252 336 406 231 168 63 105 91 448 322 168 196 273 70 112 371 343 280 224 203 203 294 126 210 42 63 287 364 210 189 315 252 462 280 175 329 399 154 77 112 203 210 399 420 203 147 77 161 119 336 140 56 168 189
 70 112 224 203 210 154 308 301 322 385 420 273 294 399 266 168 224 322 350 280 126 0 147 252 364 252 252 63 203 147 441 280 112 252 329 196 238 399 329 259 105 77 84 245 203 266 168 161 203 308 182 266 371 350 413 161 287 343 469 273 84 56 126 98 434 469 245 161 182 280 238 336 77 112 196 210
 91 175 140 245 315 161 315 329 238 336 399 231 357 413 357 91 189 196 385 399 252 147 0 112 252 245 308 189 287 224 364 189 105 287 343 329 357 364 259 203 77 105 70 154 273 294 287 266 70 196 147 308 371 399 294 42 378 301 483 406 231 147 63 161 399 448 259 189 322 413 371 280 112 210 210 217
 182 238 98 273 371 196 308 336 175 280 371 203 392 399 406 112 182 91 385 462 336 252 112 0 161 238 343 273 336 280 287 126 168 301 343 399 420 322 203 168 182 210 182 105 315 308 357 329 49 105 154 329 350 420 189 126 420 259 462 483 329 231 126 273 357 406 266 231 406 483 448 231 196 280 238 231
 294 294 133 280 406 238 252 294 70 161 266 154 378 322 420 196 182 77 336 490 406 364 252 161 0 210 336 357 364 322 126 84 252 287 280 455 455 210 98 133 329 350 315 112 329 280 413 371 182 56 196 315 273 385 63 287 427 161 371 532 427 322 238 413 238 287 252 259 476 518 504 126 287 350 245 231
 217 147 140 84 210 98 70 98 140 140 168 56 168 168 210 154 56 238 147 287 231 252 245 238 210 0 126 217 161 140 224 140 161 77 105 266 252 147 126 84 287 287 259 140 126 77 224 182 210 196 98 105 126 182 273 287 217 98 238 336 280 196 182 343 182 217 42 91 301 315 315 105 182 182 63 42
 245 147 252 70 98 154 119 77 266 245 217 182 49 168 84 238 168 357 112 161 168 252 308 343 336 126 0 189 63 98 336 266 203 56 112 168 140 231 252 210 322 315 294 259 42 63 140 105 301 322 182 28 161 98 406 350 84 210 238 217 238 203 245 343 252 266 91 119 210 196 203 231 210 147 105 112
 98 70 224 147 140 126 259 245 308 350 371 245 231 343 196 168 196 336 294 217 63 63 189 273 357 217 189 0 140 91 420 273 112 196 273 140 175 357 308 238 161 140 133 245 147 217 105 98 224 315 168 203 322 287 420 210 224 308 413 217 70 42 147 161 392 420 196 119 133 224 182 308 77 42 154 175
 210 112 252 77 49 147 168 133 294 294 273 210 91 231 70 231 182 364 168 126 105 203 287 336 364 161 63 140 0 63 378 280 182 98 168 112 98 280 280 231 287 273 259 266 28 112 77 42 294 336 182 84 217 147 427 322 91 252 294 175 182 161 224 301 308 322 119 112 154 161 154 266 175 91 112 126
 147 49 203 63 91 91 175 154 259 280 287 182 147 252 133 168 147 315 203 182 91 147 224 280 322 140 98 91 63 0 357 238 119 112 189 133 140 280 252 189 224 210 196 217 56 126 91 49 231 287 133 112 231 196 385 259 154 238 329 210 147 98 161 245 315 336 112 63 161 203 182 245 112 49 77 98
 385 350 231 301 427 294 224 273 126 91 182 175 357 252 427 287 224 210 294 497 448 441 364 287 126 224 336 420 378 357 0 175 329 287 245 490 476 133 112 182 434 448 413 210 350 273 448 406 294 182 259 308 217 350 154 399 420 126 287 553 490 392 329 511 140 182 259 308 518 532 532 112 364 399 280 259
 217 210 56 203 329 154 196 238 49 154 245 91 308 280 343 119 98 91 280 413 322 280 189 126 84 140 266 273 280 238 175 0 168 217 231 378 378 196 77 63 259 280 245 35 252 217 329 287 126 56 112 245 231 329 147 224 350 133 343 455 343 238 161 343 231 280 175 182 392 441 427 105 203 266 168 154
 56 70 119 140 210 63 224 231 210 280 322 168 252 322 252 63 119 224 287 301 168 112 105 168 252 161 203 112 182 119 329 168 0 182 252 238 259 301 217 147 126 133 98 140 168 196 196 161 119 203 70 203 280 301 308 140 273 238 392 315 175 70 42 182 336 371 161 91 245 315 287 224 35 119 112 126
 231 140 203 49 147 126 70 49 217 196 175 133 91 147 140 203 119 308 98 217 196 252 287 301 287 77 56 196 98 112 287 217 182 0 77 210 189 182 196 154 308 308 280 210 70 14 175 133 266 266 147 28 126 119 350 322 140 154 217 273 259 196 224 343 210 231 35 98 252 252 252 175 196 154 70 70
 301 217 238 126 210 189 35 35 210 154 105 140 119 70 189 259 161 322 49 266 273 329 343 343 280 105 112 273 168 189 245 231 252 77 0 280 245 126 189 175 378 378 350 238 147 63 245 210 315 280 196 84 49 105 343 385 175 126 147 329 336 273 280 420 147 154 91 168 322 301 315 154 266 238 140 126
 238 168 336 189 70 224 280 245 392 406 385 315 182 336 112 294 280 448 273 91 70 196 329 399 455 266 168 140 112 133 490 378 238 210 280 0 56 392 385 329 301 273 273 350 140 224 42 91 350 420 266 196 329 238 518 350 140 364 392 84 126 182 273 273 420 434 231 196 49 84 49 371 210 119 210 231
 273 182 343 175 49 231 252 210 392 385 350 308 140 294 63 308 280 455 231 42 112 238 357 420 455 252 140 175 98 140 476 378 259 189 245 56 0 371 378 322 336 315 308 357 126 196 70 91 371 427 273 168 294 189 518 385 91 343 350 84 182 210 301 322 392 399 217 196 105 63 70 357 238 147 210 224
 357 287 231 217 329 245 112 154 154 49 56 133 238 119 315 280 182 273 161 385 371 399 364 322 210 147 231 357 280 280 133 196 301 182 126 392 371 0 126 161 420 427 392 224 252 168 357 315 315 238 224 203 84 224 259 406 301 63 161 448 427 343 315 483 35 84 168 238 434 427 434 91 329 329 210 189
 273 245 119 203 329 182 154 203 28 84 175 70 287 224 336 182 112 147 238 406 343 329 259 203 98 126 252 308 280 252 112 77 217 196 189 385 378 126 0 70 329 336 301 105 252 196 343 301 196 112 147 231 175 294 154 294 336 70 280 462 378 280 224 399 154 210 161 196 413 441 434 35 252 287 175 154
 203 175 70 147 273 112 140 175 70 133 203 35 245 231 287 119 49 154 224 357 280 259 203 168 133 84 210 238 231 189 182 63 147 154 175 329 322 161 70 0 266 273 238 63 196 154 280 238 154 112 77 189 182 266 196 245 294 98 294 399 308 210 154 329 196 245 119 133 350 385 378 77 182 224 112 98
 77 182 203 266 301 189 350 357 308 392 448 287 371 448 350 147 238 273 413 378 224 105 77 182 329 287 322 161 287 224 434 259 126 308 378 301 336 420 329 266 0 28 28 224 280 322 266 252 147 273 196 329 413 420 371 70 378 357 525 378 182 126 105 84 455 497 287 217 280 385 343 343 119 196 238 252
 77 168 224 259 280 189 350 357 322 406 455 294 357 448 336 161 245 294 406 357 203 77 105 210 350 287 315 140 273 210 448 280 133 308 378 273 315 427 336 273 28 0 35 245 266 322 245 238 168 294 203 322 413 413 392 98 364 364 518 350 154 112 119 63 462 504 287 210 252 357 315 350 112 182 238 252
 49 147 182 231 273 161 322 329 287 371 420 259 343 420 322 126 210 266 378 350 203 84 70 182 315 259 294 133 259 196 413 245 98 280 350 273 308 392 301 238 28 35 0 203 252 294 238 224 133 259 168 294 378 392 357 84 350 336 490 350 168 98 84 98 427 469 259 182 259 357 315 315 84 168 210 224
 182 189 21 189 308 126 203 238 84 182 266 98 301 294 336 84 91 98 287 392 294 245 154 105 112 140 259 245 266 217 210 35 140 210 238 350 357 224 105 63 224 245 203 0 238 217 308 266 91 70 84 238 245 329 175 189 343 154 364 434 315 203 126 301 252 301 175 161 371 420 399 126 175 238 154 147
 203 105 231 49 77 119 140 112 266 259 245 182 91 210 91 210 154 343 154 161 126 203 273 315 329 126 42 147 28 56 350 252 168 70 147 140 126 252 252 196 280 266 252 238 0 84 105 63 273 308 161 63 189 140 399 308 105 224 273 210 196 154 210 301 280 301 91 84 182 189 189 238 168 98 84 98
 245 154 210 63 154 140 56 35 210 182 161 126 91 133 147 217 126 308 91 224 210 266 294 308 280 77 63 217 112 126 273 217 196 14 63 224 196 168 196 154 322 322 294 217 84 0 189 147 273 273 154 35 112 112 350 336 147 147 203 280 273 210 231 364 196 217 42 112 266 259 266 168 210 175 84 77
 203 126 294 147 49 175 245 210 350 364 350 273 161 308 105 252 238 406 245 112 42 168 287 357 413 224 140 105 77 91 448 329 196 175 245 42 70 357 343 280 266 245 238 308 105 189 0 42 308 378 224 161 294 217 476 315 133 322 371 126 119 147 238 252 385 399 189 154 77 119 91 329 175 77 168 189
 182 91 252 98 49 140 203 175 308 322 315 231 140 273 98 217 189 364 210 133 63 161 266 329 371 182 105 98 42 49 406 287 161 133 210 91 91 315 301 238 252 238 224 266 63 147 42 0 280 336 182 126 259 196 434 294 126 280 336 161 133 126 203 259 343 364 147 112 119 154 133 287 147 56 126 147
 133 189 77 231 329 147 280 308 175 280 357 182 350 371 364 63 154 126 357 413 287 203 70 49 182 210 301 224 294 231 294 126 119 266 315 350 371 315 196 154 147 168 133 91 273 273 308 280 0 126 119 294 329 385 224 98 378 252 448 434 280 175 77 231 350 392 231 182 357 434 399 224 147 231 196 196
 245 259 91 259 378 196 252 287 77 189 287 147 357 329 399 147 154 42 336 462 364 308 196 105 56 196 322 315 336 287 182 56 203 266 280 420 427 238 112 112 273 294 259 70 308 273 378 336 126 0 154 301 280 378 105 224 406 175 392 497 378 273 182 357 266 315 231 231 441 490 469 140 238 308 217 210
 126 105 70 112 224 42 168 189 140 203 259 91 231 266 252 63 42 182 238 315 210 182 147 154 196 98 182 168 182 133 259 112 70 147 196 266 273 224 147 77 196 203 168 84 161 154 224 182 119 154 0 175 224 266 252 189 266 168 336 343 238 133 91 259 259 301 112 77 287 336 315 154 105 154 77 77
 252 154 238 63 126 147 91 49 245 217 189 161 63 147 112 231 154 336 91 189 189 266 308 329 315 105 28 203 84 112 308 245 203 28 84 196 168 203 231 189 329 322 294 238 63 35 161 126 294 301 175 0 133 91 378 350 112 182 217 245 259 210 245 357 224 238 70 119 238 224 231 203 210 161 98 98
 336 252 252 168 259 224 63 84 203 119 56 147 161 49 238 280 182 322 77 308 315 371 371 350 273 126 161 322 217 231 217 231 280 126 49 329 294 84 175 182 413 413 378 245 189 112 294 259 329 280 224 133 0 140 329 413 224 105 119 378 378 315 308 462 98 105 126 203 371 350 364 140 301 280 175 161
 343 238 322 161 168 245 133 91 315 259 189 238 56 119 126 322 238 420 63 189 252 350 399 420 385 182 98 287 147 196 350 329 301 119 105 238 189 224 294 266 420 413 392 329 140 112 217 196 385 378 266 91 140 0 448 441 98 231 161 259 329 301 336 441 238 231 154 210 287 231 259 259 301 238 189 189
 343 357 189 343 469 301 315 357 133 210 315 217 441 378 483 252 245 98 392 553 462 413 294 189 63 273 406 420 427 385 154 147 308 350 343 518 518 259 154 196 371 392 357 175 399 350 476 434 224 105 252 378 329 448 0 315 490 224 420 595 483 378 287 455 280 329 315 322 539 588 567 189 343 406 315 294
 112 210 175 280 343 196 357 371 273 371 441 273 399 448 392 133 231 217 427 427 280 161 42 126 287 287 350 210 322 259 399 224 140 322 385 350 385 406 294 245 70 98 84 189 308 336 315 294 98 224 189 350 413 441 315 0 413 343 525 434 252 175 105 154 441 483 301 231 343 434 399 315 147 238 252 259
 301 203 336 154 84 231 189 147 350 322 273 266 63 210 28 315 252 441 147 91 175 287 378 420 427 217 84 224 91 154 420 350 273 140 175 140 91 301 336 294 378 364 350 343 105 147 133 126 378 406 266 112 224 98 490 413 0 287 259 161 252 252 315 385 322 322 175 196 189 133 161 315 266 182 189 196
 294 238 168 175 301 189 98 147 98 42 112 70 231 154 294 217 119 217 175 371 329 343 301 259 161 98 210 308 252 238 126 133 238 154 126 364 343 63 70 98 357 364 336 154 224 147 322 280 252 175 168 182 105 231 224 343 287 0 210 427 378 287 252 420 98 147 133 189 399 406 406 35 266 280 161 140
 448 357 371 266 322 336 168 168 308 210 105 259 210 77 287 392 294 434 126 350 399 469 483 462 371 238 238 413 294 329 287 343 392 217 147 392 350 161 280 294 525 518 490 364 273 203 371 336 448 392 336 217 119 161 420 525 259 210 0 420 469 413 420 567 147 105 231 315 441 392 420 245 413 371 280 266
 322 252 413 252 126 301 336 294 469 462 434 385 217 371 140 378 357 532 308 70 154 273 406 483 532 336 217 217 175 210 553 455 315 273 329 84 84 448 462 399 378 350 350 434 210 280 126 161 434 497 343 245 378 259 595 434 161 427 420 0 196 266 357 343 469 476 294 273 98 28 35 441 294 203 287 301
 147 140 294 210 168 196 322 301 378 420 434 315 273 399 224 238 266 399 343 217 77 84 231 329 427 280 238 70 182 147 490 343 175 259 336 126 182 427 378 308 182 154 168 315 196 273 119 133 280 378 238 259 378 329 483 252 252 378 469 196 0 105 203 147 462 483 259 189 98 210 161 378 140 105 217 238
 56 56 189 147 175 98 252 245 273 329 357 217 245 343 224 126 168 294 301 252 112 56 147 231 322 196 203 42 161 98 392 238 70 196 273 182 210 343 280 210 126 112 98 203 154 210 147 126 175 273 133 210 315 301 378 175 252 287 413 266 105 0 98 147 378 413 189 105 182 266 231 280 35 70 140 154
 56 112 105 175 252 98 252 266 210 287 343 182 294 350 294 42 133 196 322 343 203 126 63 126 238 182 245 147 224 161 329 161 42 224 280 273 301 315 224 154 105 119 84 126 210 231 238 203 77 182 91 245 308 336 287 105 315 252 420 357 203 98 0 175 350 392 196 126 280 357 322 238 63 154 147 154
 126 210 280 294 301 238 399 399 385 462 504 350 392 490 357 224 301 357 448 364 210 98 161 273 413 343 343 161 301 245 511 343 182 343 420 273 322 483 399 329 84 63 98 301 301 364 252 259 231 357 259 357 462 441 455 154 385 420 567 343 147 147 175 0 518 553 336 252 245 357 308 413 154 203 287 301
 392 322 266 245 350 280 140 175 182 77 49 168 259 126 336 315 217 301 175 406 399 434 399 357 238 182 252 392 308 315 140 231 336 210 147 420 392 35 154 196 455 462 427 252 280 196 385 343 350 266 259 224 98 238 280 441 322 98 147 469 462 378 350 518 0 49 196 273 462 448 462 126 357 357 238 224
 427 357 315 273 364 315 161 189 238 126 49 210 259 112 336 357 259 357 175 413 420 469 448 406 287 217 266 420 322 336 182 280 371 231 154 434 399 84 210 245 497 504 469 301 301 217 399 364 392 315 301 238 105 231 329 483 322 147 105 476 483 413 392 553 49 0 224 301 476 455 469 175 399 385 273 252
 210 126 168 49 168 98 63 70 175 175 175 91 126 161 175 175 84 273 126 245 203 245 259 266 252 42 91 196 119 112 259 175 161 35 91 231 217 168 161 119 287 287 259 175 91 42 189 147 231 231 112 70 126 154 315 301 175 133 231 294 259 189 196 336 196 224 0 77 266 280 280 147 175 161 49 35
 133 49 147 49 147 35 147 147 203 231 252 126 168 238 182 119 84 259 196 238 147 161 189 231 259 91 119 119 112 63 308 182 91 98 168 196 196 238 196 133 217 210 182 161 84 112 154 112 182 231 77 119 203 210 322 231 196 189 315 273 189 105 126 252 273 301 77 0 217 266 245 189 98 91 28 49
 231 182 350 217 119 238 322 287 420 441 427 343 231 378 161 301 301 462 322 133 77 182 322 406 476 301 210 133 154 161 518 392 245 252 322 49 105 434 413 350 280 252 259 371 182 266 77 119 357 441 287 238 371 287 539 343 189 399 441 98 98 182 280 245 462 476 266 217 0 112 63 406 210 133 238 259
 322 245 406 238 112 294 315 273 455 448 406 371 189 343 112 371 343 525 280 42 161 280 413 483 518 315 196 224 161 203 532 441 315 252 301 84 63 427 441 385 385 357 357 420 189 259 119 154 434 490 336 224 350 231 588 434 133 406 392 28 210 266 357 357 448 455 280 266 112 0 56 427 294 203 273 287
 287 217 385 231 112 273 322 280 441 448 420 364 210 364 133 343 329 497 301 77 119 238 371 448 504 315 203 182 154 182 532 427 287 252 315 49 70 434 434 378 343 315 315 399 189 266 91 133 399 469 315 231 364 259 567 399 161 406 420 35 161 231 322 308 462 469 280 245 63 56 0 420 259 168 259 280
 280 238 147 189 315 182 126 175 63 56 147 63 259 189 315 196 112 182 210 385 336 336 280 231 126 105 231 308 266 245 112 105 224 175 154 371 357 91 35 77 343 350 315 126 238 168 329 287 224 140 154 203 140 259 189 315 315 35 245 441 378 280 238 413 126 175 147 189 406 427 420 0 259 280 168 147
 35 63 154 147 196 84 245 245 245 308 350 196 259 336 245 91 147 259 294 280 140 77 112 196 287 182 210 77 175 112 364 203 35 196 266 210 238 329 252 182 119 112 84 175 168 210 175 147 147 238 105 210 301 301 343 147 266 266 413 294 140 35 63 154 357 399 175 98 210 294 259 259 0 98 126 147
 126 49 217 112 105 112 224 203 287 322 329 217 189 301 154 175 175 336 252 189 56 112 210 280 350 182 147 42 91 49 399 266 119 154 238 119 147 329 287 224 196 182 168 238 98 175 77 56 231 308 154 161 280 238 406 238 182 280 371 203 105 70 154 203 357 385 161 91 133 203 168 280 98 0 119 140
 161 84 147 35 161 56 112 119 182 203 224 105 154 210 182 133 70 252 175 245 168 196 210 238 245 63 105 154 112 77 280 168 112 70 140 210 210 210 175 112 238 238 210 154 84 84 168 126 196 217 77 98 175 189 315 252 189 161 280 287 217 140 147 287 238 273 49 28 238 273 259 168 126 119 0 21
 175 105 140 49 175 63 98 112 168 182 203 84 161 196 189 133 56 245 161 259 189 210 217 231 231 42 112 175 126 98 259 154 126 70 126 231 224 189 154 98 252 252 224 147 98 77 189 147 196 210 77 98 161 189 294 259 196 140 266 301 238 154 154 301 224 252 35 49 259 287 280 147 147 140 21 0
