76 
 0 135 207 234 297 144 360 360 333 432 486 288 378 477 360 126 225 324 432 405 216 90 117 234 378 279 315 126 270 189 495 279 72 297 387 306 351 459 351 261 99 99 63 234 261 315 261 234 171 315 162 324 432 441 441 144 387 378 576 414 189 72 72 162 504 549 270 171 297 414 369 360 45 162 207 225
 135 0 216 117 180 81 252 243 306 360 387 225 252 360 234 162 162 360 306 288 135 144 225 306 378 189 189 90 144 63 450 270 90 180 279 216 234 369 315 225 234 216 189 243 135 198 162 117 243 333 135 198 324 306 459 270 261 306 459 324 180 72 144 270 414 459 162 63 234 315 279 306 81 63 108 135
 207 216 0 234 378 144 261 306 135 252 351 135 378 387 414 81 108 144 369 495 351 288 180 126 171 180 324 288 324 261 297 72 153 261 306 432 441 297 153 90 261 288 234 27 297 270 378 324 99 117 90 306 324 414 243 225 432 216 477 531 378 243 135 360 342 405 216 189 450 522 495 189 198 279 189 180
 234 117 234 0 162 108 144 126 279 279 288 171 153 252 180 216 135 378 189 270 198 261 315 351 360 108 90 189 99 81 387 261 180 63 162 243 225 279 261 189 342 333 297 243 63 81 189 126 297 333 144 81 216 207 441 360 198 225 342 324 270 189 225 378 315 351 63 63 279 306 297 243 189 144 45 63
 297 180 378 162 0 234 270 225 441 432 405 333 153 342 72 342 297 522 261 117 117 270 405 477 522 270 126 180 63 117 549 423 270 189 270 90 63 423 423 351 387 360 351 396 99 198 63 63 423 486 288 162 333 216 603 441 108 387 414 162 216 225 324 387 450 468 216 189 153 144 144 405 252 135 207 225
 144 81 144 108 234 0 207 225 234 297 342 153 261 333 279 108 90 297 288 351 216 198 207 252 306 126 198 162 189 117 378 198 81 162 243 288 297 315 234 144 243 243 207 162 153 180 225 180 189 252 54 189 288 315 387 252 297 243 432 387 252 126 126 306 360 405 126 45 306 378 351 234 108 144 72 81
 360 252 261 144 270 207 0 63 234 171 144 135 171 126 261 288 162 369 108 351 333 396 405 396 324 90 153 333 216 225 288 252 288 90 45 360 324 144 198 180 450 450 414 261 180 72 315 261 360 324 216 117 81 171 405 459 243 126 216 432 414 324 324 513 180 207 81 189 414 405 414 162 315 288 144 126
 360 243 306 126 225 225 63 0 288 234 180 189 108 126 198 315 198 423 72 297 306 387 423 432 378 126 99 315 171 198 351 306 297 63 45 315 270 198 261 225 459 459 423 306 144 45 270 225 396 369 243 63 108 117 459 477 189 189 216 378 387 315 342 513 225 243 90 189 369 351 360 225 315 261 153 144
 333 306 135 279 441 234 234 288 0 144 270 108 387 324 450 216 153 153 342 540 441 414 306 225 90 180 342 396 378 333 162 63 270 279 270 504 504 198 36 90 396 414 369 108 342 270 450 396 225 99 180 315 261 405 171 351 450 126 396 603 486 351 270 495 234 306 225 261 540 585 567 81 315 369 234 216
 432 360 252 279 432 297 171 234 144 0 135 144 342 216 423 324 207 297 252 522 477 495 432 360 207 180 315 450 378 360 117 198 360 252 198 522 495 63 108 171 504 522 477 234 333 234 468 414 360 243 261 279 153 333 270 477 414 54 270 594 540 423 369 594 99 162 225 297 567 576 576 72 396 414 261 234
 486 387 351 288 405 342 144 180 270 135 0 216 279 99 378 405 270 423 162 468 477 540 513 477 342 216 279 477 351 369 234 315 414 225 135 495 450 72 225 261 576 585 540 342 315 207 450 405 459 369 333 243 72 243 405 567 351 144 135 558 558 459 441 648 63 63 225 324 549 522 540 189 450 423 288 261
 288 225 135 171 333 153 135 189 108 144 216 0 279 252 342 189 63 234 243 432 351 351 297 261 198 72 234 315 270 234 225 117 216 171 180 405 396 171 90 45 369 378 333 126 234 162 351 297 234 189 117 207 189 306 279 351 342 90 333 495 405 279 234 450 216 270 117 162 441 477 468 81 252 279 135 108
 378 252 378 153 153 261 171 108 387 342 279 279 0 198 99 369 270 513 117 189 252 378 459 504 486 216 63 297 117 189 459 396 324 117 153 234 180 306 369 315 477 459 441 387 117 117 207 180 450 459 297 81 207 72 567 513 81 297 270 279 351 315 378 504 333 333 162 216 297 243 270 333 333 243 198 207
 477 360 387 252 342 333 126 126 324 216 99 252 198 0 297 414 288 477 81 387 432 513 531 513 414 216 216 441 297 324 324 360 414 189 90 432 378 153 288 297 576 576 540 378 270 171 396 351 477 423 342 189 63 153 486 576 270 198 99 477 513 441 450 630 162 144 207 306 486 441 468 243 432 387 270 252
 360 234 414 180 72 279 261 198 450 423 378 342 99 297 0 387 315 558 216 99 189 342 459 522 540 270 108 252 90 171 549 441 324 180 243 144 81 405 432 369 450 432 414 432 117 189 135 126 468 513 324 144 306 162 621 504 36 378 369 180 288 288 378 459 432 432 225 234 207 144 171 405 315 198 234 243
 126 162 81 216 342 108 288 315 216 324 405 189 369 414 387 0 126 207 387 450 297 216 117 144 252 198 306 216 297 216 369 153 81 261 333 378 396 360 234 153 189 207 162 108 270 279 324 279 81 189 81 297 360 414 324 171 405 279 504 486 306 162 54 288 405 459 225 153 387 477 441 252 117 225 171 171
 225 162 108 135 297 90 162 198 153 207 270 63 270 288 315 126 0 243 261 405 297 288 243 234 234 72 216 252 234 189 288 126 153 153 207 360 360 234 144 63 306 315 270 117 198 162 306 243 198 198 54 198 234 306 315 297 324 153 378 459 342 216 171 387 279 333 108 108 387 441 423 144 189 225 90 72
 324 360 144 378 522 297 369 423 153 297 423 234 513 477 558 207 243 0 486 639 495 414 252 117 99 306 459 432 468 405 270 117 288 396 414 576 585 351 189 198 351 378 342 126 441 396 522 468 162 54 234 432 414 540 126 279 567 279 558 684 513 378 252 459 387 459 351 333 594 675 639 234 333 432 324 315
 432 306 369 189 261 288 108 72 342 252 162 243 117 81 216 387 261 486 0 306 351 450 495 495 432 189 144 378 216 261 378 360 369 126 63 351 297 207 306 288 531 522 486 369 198 117 315 270 459 432 306 117 99 81 504 549 189 225 162 396 441 387 414 576 225 225 162 252 414 360 387 270 378 324 225 207
 405 288 495 270 117 351 351 297 540 522 468 432 189 387 99 450 405 639 306 0 198 360 513 594 630 369 207 279 162 234 639 531 387 279 342 117 54 495 522 459 486 459 450 504 207 288 144 171 531 594 405 243 396 243 711 549 117 477 450 90 279 324 441 468 522 531 315 306 171 54 99 495 360 243 315 333
 216 135 351 198 117 216 333 306 441 477 477 351 252 432 189 297 297 495 351 198 0 162 324 432 522 297 216 81 135 117 576 414 216 252 351 90 144 477 441 360 288 261 261 378 162 270 54 81 369 468 270 243 405 324 594 360 225 423 513 198 99 144 261 270 513 540 261 189 99 207 153 432 180 72 216 243
 90 144 288 261 270 198 396 387 414 495 540 351 378 513 342 216 288 414 450 360 162 0 189 324 468 324 324 81 261 189 567 360 144 324 423 252 306 513 423 333 135 99 108 315 261 342 216 207 261 396 234 342 477 450 531 207 369 441 603 351 108 72 162 126 558 603 315 207 234 360 306 432 99 144 252 270
 117 225 180 315 405 207 405 423 306 432 513 297 459 531 459 117 243 252 495 513 324 189 0 144 324 315 396 243 369 288 468 243 135 369 441 423 459 468 333 261 99 135 90 198 351 378 369 342 90 252 189 396 477 513 378 54 486 387 621 522 297 189 81 207 513 576 333 243 414 531 477 360 144 270 270 279
 234 306 126 351 477 252 396 432 225 360 477 261 504 513 522 144 234 117 495 594 432 324 144 0 207 306 441 351 432 360 369 162 216 387 441 513 540 414 261 216 234 270 234 135 405 396 459 423 63 135 198 423 450 540 243 162 540 333 594 621 423 297 162 351 459 522 342 297 522 621 576 297 252 360 306 297
 378 378 171 360 522 306 324 378 90 207 342 198 486 414 540 252 234 99 432 630 522 468 324 207 0 270 432 459 468 414 162 108 324 369 360 585 585 270 126 171 423 450 405 144 423 360 531 477 234 72 252 405 351 495 81 369 549 207 477 684 549 414 306 531 306 369 324 333 612 666 648 162 369 450 315 297
 279 189 180 108 270 126 90 126 180 180 216 72 216 216 270 198 72 306 189 369 297 324 315 306 270 0 162 279 207 180 288 180 207 99 135 342 324 189 162 108 369 369 333 180 162 99 288 234 270 252 126 135 162 234 351 369 279 126 306 432 360 252 234 441 234 279 54 117 387 405 405 135 234 234 81 54
 315 189 324 90 126 198 153 99 342 315 279 234 63 216 108 306 216 459 144 207 216 324 396 441 432 162 0 243 81 126 432 342 261 72 144 216 180 297 324 270 414 405 378 333 54 81 180 135 387 414 234 36 207 126 522 450 108 270 306 279 306 261 315 441 324 342 117 153 270 252 261 297 270 189 135 144
 126 90 288 189 180 162 333 315 396 450 477 315 297 441 252 216 252 432 378 279 81 81 243 351 459 279 243 0 180 117 540 351 144 252 351 180 225 459 396 306 207 180 171 315 189 279 135 126 288 405 216 261 414 369 540 270 288 396 531 279 90 54 189 207 504 540 252 153 171 288 234 396 99 54 198 225
 270 144 324 99 63 189 216 171 378 378 351 270 117 297 90 297 234 468 216 162 135 261 369 432 468 207 81 180 0 81 486 360 234 126 216 144 126 360 360 297 369 351 333 342 36 144 99 54 378 432 234 108 279 189 549 414 117 324 378 225 234 207 288 387 396 414 153 144 198 207 198 342 225 117 144 162
 189 63 261 81 117 117 225 198 333 360 369 234 189 324 171 216 189 405 261 234 117 189 288 360 414 180 126 117 81 0 459 306 153 144 243 171 180 360 324 243 288 270 252 279 72 162 117 63 297 369 171 144 297 252 495 333 198 306 423 270 189 126 207 315 405 432 144 81 207 261 234 315 144 63 99 126
 495 450 297 387 549 378 288 351 162 117 234 225 459 324 549 369 288 270 378 639 576 567 468 369 162 288 432 540 486 459 0 225 423 369 315 630 612 171 144 234 558 576 531 270 450 351 576 522 378 234 333 396 279 450 198 513 540 162 369 711 630 504 423 657 180 234 333 396 666 684 684 144 468 513 360 333
 279 270 72 261 423 198 252 306 63 198 315 117 396 360 441 153 126 117 360 531 414 360 243 162 108 180 342 351 360 306 225 0 216 279 297 486 486 252 99 81 333 360 315 45 324 279 423 369 162 72 144 315 297 423 189 288 450 171 441 585 441 306 207 441 297 360 225 234 504 567 549 135 261 342 216 198
 72 90 153 180 270 81 288 297 270 360 414 216 324 414 324 81 153 288 369 387 216 144 135 216 324 207 261 144 234 153 423 216 0 234 324 306 333 387 279 189 162 171 126 180 216 252 252 207 153 261 90 261 360 387 396 180 351 306 504 405 225 90 54 234 432 477 207 117 315 405 369 288 45 153 144 162
 297 180 261 63 189 162 90 63 279 252 225 171 117 189 180 261 153 396 126 279 252 324 369 387 369 99 72 252 126 144 369 279 234 0 99 270 243 234 252 198 396 396 360 270 90 18 225 171 342 342 189 36 162 153 450 414 180 198 279 351 333 252 288 441 270 297 45 126 324 324 324 225 252 198 90 90
 387 279 306 162 270 243 45 45 270 198 135 180 153 90 243 333 207 414 63 342 351 423 441 441 360 135 144 351 216 243 315 297 324 99 0 360 315 162 243 225 486 486 450 306 189 81 315 270 405 360 252 108 63 135 441 495 225 162 189 423 432 351 360 540 189 198 117 216 414 387 405 198 342 306 180 162
 306 216 432 243 90 288 360 315 504 522 495 405 234 432 144 378 360 576 351 117 90 252 423 513 585 342 216 180 144 171 630 486 306 270 360 0 72 504 495 423 387 351 351 450 180 288 54 117 450 540 342 252 423 306 666 450 180 468 504 108 162 234 351 351 540 558 297 252 63 108 63 477 270 153 270 297
 351 234 441 225 63 297 324 270 504 495 450 396 180 378 81 396 360 585 297 54 144 306 459 540 585 324 180 225 126 180 612 486 333 243 315 72 0 477 486 414 432 405 396 459 162 252 90 117 477 549 351 216 378 243 666 495 117 441 450 108 234 270 387 414 504 513 279 252 135 81 90 459 306 189 270 288
 459 369 297 279 423 315 144 198 198 63 72 171 306 153 405 360 234 351 207 495 477 513 468 414 270 189 297 459 360 360 171 252 387 234 162 504 477 0 162 207 540 549 504 288 324 216 459 405 405 306 288 261 108 288 333 522 387 81 207 576 549 441 405 621 45 108 216 306 558 549 558 117 423 423 270 243
 351 315 153 261 423 234 198 261 36 108 225 90 369 288 432 234 144 189 306 522 441 423 333 261 126 162 324 396 360 324 144 99 279 252 243 495 486 162 0 90 423 432 387 135 324 252 441 387 252 144 189 297 225 378 198 378 432 90 360 594 486 360 288 513 198 270 207 252 531 567 558 45 324 369 225 198
 261 225 90 189 351 144 180 225 90 171 261 45 315 297 369 153 63 198 288 459 360 333 261 216 171 108 270 306 297 243 234 81 189 198 225 423 414 207 90 0 342 351 306 81 252 198 360 306 198 144 99 243 234 342 252 315 378 126 378 513 396 270 198 423 252 315 153 171 450 495 486 99 234 288 144 126
 99 234 261 342 387 243 450 459 396 504 576 369 477 576 450 189 306 351 531 486 288 135 99 234 423 369 414 207 369 288 558 333 162 396 486 387 432 540 423 342 0 36 36 288 360 414 342 324 189 351 252 423 531 540 477 90 486 459 675 486 234 162 135 108 585 639 369 279 360 495 441 441 153 252 306 324
 99 216 288 333 360 243 450 459 414 522 585 378 459 576 432 207 315 378 522 459 261 99 135 270 450 369 405 180 351 270 576 360 171 396 486 351 405 549 432 351 36 0 45 315 342 414 315 306 216 378 261 414 531 531 504 126 468 468 666 450 198 144 153 81 594 648 369 270 324 459 405 450 144 234 306 324
 63 189 234 297 351 207 414 423 369 477 540 333 441 540 414 162 270 342 486 450 261 108 90 234 405 333 378 171 333 252 531 315 126 360 450 351 396 504 387 306 36 45 0 261 324 378 306 288 171 333 216 378 486 504 459 108 450 432 630 450 216 126 108 126 549 603 333 234 333 459 405 405 108 216 270 288
 234 243 27 243 396 162 261 306 108 234 342 126 387 378 432 108 117 126 369 504 378 315 198 135 144 180 333 315 342 279 270 45 180 270 306 450 459 288 135 81 288 315 261 0 306 279 396 342 117 90 108 306 315 423 225 243 441 198 468 558 405 261 162 387 324 387 225 207 477 540 513 162 225 306 198 189
 261 135 297 63 99 153 180 144 342 333 315 234 117 270 117 270 198 441 198 207 162 261 351 405 423 162 54 189 36 72 450 324 216 90 189 180 162 324 324 252 360 342 324 306 0 108 135 81 351 396 207 81 243 180 513 396 135 288 351 270 252 198 270 387 360 387 117 108 234 243 243 306 216 126 108 126
 315 198 270 81 198 180 72 45 270 234 207 162 117 171 189 279 162 396 117 288 270 342 378 396 360 99 81 279 144 162 351 279 252 18 81 288 252 216 252 198 414 414 378 279 108 0 243 189 351 351 198 45 144 144 450 432 189 189 261 360 351 270 297 468 252 279 54 144 342 333 342 216 270 225 108 99
 261 162 378 189 63 225 315 270 450 468 450 351 207 396 135 324 306 522 315 144 54 216 369 459 531 288 180 135 99 117 576 423 252 225 315 54 90 459 441 360 342 315 306 396 135 243 0 54 396 486 288 207 378 279 612 405 171 414 477 162 153 189 306 324 495 513 243 198 99 153 117 423 225 99 216 243
 234 117 324 126 63 180 261 225 396 414 405 297 180 351 126 279 243 468 270 171 81 207 342 423 477 234 135 126 54 63 522 369 207 171 270 117 117 405 387 306 324 306 288 342 81 189 54 0 360 432 234 162 333 252 558 378 162 360 432 207 171 162 261 333 441 468 189 144 153 198 171 369 189 72 162 189
 171 243 99 297 423 189 360 396 225 360 459 234 450 477 468 81 198 162 459 531 369 261 90 63 234 270 387 288 378 297 378 162 153 342 405 450 477 405 252 198 189 216 171 117 351 351 396 360 0 162 153 378 423 495 288 126 486 324 576 558 360 225 99 297 450 504 297 234 459 558 513 288 189 297 252 252
 315 333 117 333 486 252 324 369 99 243 369 189 459 423 513 189 198 54 432 594 468 396 252 135 72 252 414 405 432 369 234 72 261 342 360 540 549 306 144 144 351 378 333 90 396 351 486 432 162 0 198 387 360 486 135 288 522 225 504 639 486 351 234 459 342 405 297 297 567 630 603 180 306 396 279 270
 162 135 90 144 288 54 216 243 180 261 333 117 297 342 324 81 54 234 306 405 270 234 189 198 252 126 234 216 234 171 333 144 90 189 252 342 351 288 189 99 252 261 216 108 207 198 288 234 153 198 0 225 288 342 324 243 342 216 432 441 306 171 117 333 333 387 144 99 369 432 405 198 135 198 99 99
 324 198 306 81 162 189 117 63 315 279 243 207 81 189 144 297 198 432 117 243 243 342 396 423 405 135 36 261 108 144 396 315 261 36 108 252 216 261 297 243 423 414 378 306 81 45 207 162 378 387 225 0 171 117 486 450 144 234 279 315 333 270 315 459 288 306 90 153 306 288 297 261 270 207 126 126
 432 324 324 216 333 288 81 108 261 153 72 189 207 63 306 360 234 414 99 396 405 477 477 450 351 162 207 414 279 297 279 297 360 162 63 423 378 108 225 234 531 531 486 315 243 144 378 333 423 360 288 171 0 180 423 531 288 135 153 486 486 405 396 594 126 135 162 261 477 450 468 180 387 360 225 207
 441 306 414 207 216 315 171 117 405 333 243 306 72 153 162 414 306 540 81 243 324 450 513 540 495 234 126 369 189 252 450 423 387 153 135 306 243 288 378 342 540 531 504 423 180 144 279 252 495 486 342 117 180 0 576 567 126 297 207 333 423 387 432 567 306 297 198 270 369 297 333 333 387 306 243 243
 441 459 243 441 603 387 405 459 171 270 405 279 567 486 621 324 315 126 504 711 594 531 378 243 81 351 522 540 549 495 198 189 396 450 441 666 666 333 198 252 477 504 459 225 513 450 612 558 288 135 324 486 423 576 0 405 630 288 540 765 621 486 369 585 360 423 405 414 693 756 729 243 441 522 405 378
 144 270 225 360 441 252 459 477 351 477 567 351 513 576 504 171 297 279 549 549 360 207 54 162 369 369 450 270 414 333 513 288 180 414 495 450 495 522 378 315 90 126 108 243 396 432 405 378 126 288 243 450 531 567 405 0 531 441 675 558 324 225 135 198 567 621 387 297 441 558 513 405 189 306 324 333
 387 261 432 198 108 297 243 189 450 414 351 342 81 270 36 405 324 567 189 117 225 369 486 540 549 279 108 288 117 198 540 450 351 180 225 180 117 387 432 378 486 468 450 441 135 189 171 162 486 522 342 144 288 126 630 531 0 369 333 207 324 324 405 495 414 414 225 252 243 171 207 405 342 234 243 252
 378 306 216 225 387 243 126 189 126 54 144 90 297 198 378 279 153 279 225 477 423 441 387 333 207 126 270 396 324 306 162 171 306 198 162 468 441 81 90 126 459 468 432 198 288 189 414 360 324 225 216 234 135 297 288 441 369 0 270 549 486 369 324 540 126 189 171 243 513 522 522 45 342 360 207 180
 576 459 477 342 414 432 216 216 396 270 135 333 270 99 369 504 378 558 162 450 513 603 621 594 477 306 306 531 378 423 369 441 504 279 189 504 450 207 360 378 675 666 630 468 351 261 477 432 576 504 432 279 153 207 540 675 333 270 0 540 603 531 540 729 189 135 297 405 567 504 540 315 531 477 360 342
 414 324 531 324 162 387 432 378 603 594 558 495 279 477 180 486 459 684 396 90 198 351 522 621 684 432 279 279 225 270 711 585 405 351 423 108 108 576 594 513 486 450 450 558 270 360 162 207 558 639 441 315 486 333 765 558 207 549 540 0 252 342 459 441 603 612 378 351 126 36 45 567 378 261 369 387
 189 180 378 270 216 252 414 387 486 540 558 405 351 513 288 306 342 513 441 279 99 108 297 423 549 360 306 90 234 189 630 441 225 333 432 162 234 549 486 396 234 198 216 405 252 351 153 171 360 486 306 333 486 423 621 324 324 486 603 252 0 135 261 189 594 621 333 243 126 270 207 486 180 135 279 306
 72 72 243 189 225 126 324 315 351 423 459 279 315 441 288 162 216 378 387 324 144 72 189 297 414 252 261 54 207 126 504 306 90 252 351 234 270 441 360 270 162 144 126 261 198 270 189 162 225 351 171 270 405 387 486 225 324 369 531 342 135 0 126 189 486 531 243 135 234 342 297 360 45 90 180 198
 72 144 135 225 324 126 324 342 270 369 441 234 378 450 378 54 171 252 414 441 261 162 81 162 306 234 315 189 288 207 423 207 54 288 360 351 387 405 288 198 135 153 108 162 270 297 306 261 99 234 117 315 396 432 369 135 405 324 540 459 261 126 0 225 450 504 252 162 360 459 414 306 81 198 189 198
 162 270 360 378 387 306 513 513 495 594 648 450 504 630 459 288 387 459 576 468 270 126 207 351 531 441 441 207 387 315 657 441 234 441 540 351 414 621 513 423 108 81 126 387 387 468 324 333 297 459 333 459 594 567 585 198 495 540 729 441 189 189 225 0 666 711 432 324 315 459 396 531 198 261 369 387
 504 414 342 315 450 360 180 225 234 99 63 216 333 162 432 405 279 387 225 522 513 558 513 459 306 234 324 504 396 405 180 297 432 270 189 540 504 45 198 252 585 594 549 324 360 252 495 441 450 342 333 288 126 306 360 567 414 126 189 603 594 486 450 666 0 63 252 351 594 576 594 162 459 459 306 288
 549 459 405 351 468 405 207 243 306 162 63 270 333 144 432 459 333 459 225 531 540 603 576 522 369 279 342 540 414 432 234 360 477 297 198 558 513 108 270 315 639 648 603 387 387 279 513 468 504 405 387 306 135 297 423 621 414 189 135 612 621 531 504 711 63 0 288 387 612 585 603 225 513 495 351 324
 270 162 216 63 216 126 81 90 225 225 225 117 162 207 225 225 108 351 162 315 261 315 333 342 324 54 117 252 153 144 333 225 207 45 117 297 279 216 207 153 369 369 333 225 117 54 243 189 297 297 144 90 162 198 405 387 225 171 297 378 333 243 252 432 252 288 0 99 342 360 360 189 225 207 63 45
 171 63 189 63 189 45 189 189 261 297 324 162 216 306 234 153 108 333 252 306 189 207 243 297 333 117 153 153 144 81 396 234 117 126 216 252 252 306 252 171 279 270 234 207 108 144 198 144 234 297 99 153 261 270 414 297 252 243 405 351 243 135 162 324 351 387 99 0 279 342 315 243 126 117 36 63
 297 234 450 279 153 306 414 369 540 567 549 441 297 486 207 387 387 594 414 171 99 234 414 522 612 387 270 171 198 207 666 504 315 324 414 63 135 558 531 450 360 324 333 477 234 342 99 153 459 567 369 306 477 369 693 441 243 513 567 126 126 234 360 315 594 612 342 279 0 144 81 522 270 171 306 333
 414 315 522 306 144 378 405 351 585 576 522 477 243 441 144 477 441 675 360 54 207 360 531 621 666 405 252 288 207 261 684 567 405 324 387 108 81 549 567 495 495 459 459 540 243 333 153 198 558 630 432 288 450 297 756 558 171 522 504 36 270 342 459 459 576 585 360 342 144 0 72 549 378 261 351 369
 369 279 495 297 144 351 414 360 567 576 540 468 270 468 171 441 423 639 387 99 153 306 477 576 648 405 261 234 198 234 684 549 369 324 405 63 90 558 558 486 441 405 405 513 243 342 117 171 513 603 405 297 468 333 729 513 207 522 540 45 207 297 414 396 594 603 360 315 81 72 0 540 333 216 333 360
 360 306 189 243 405 234 162 225 81 72 189 81 333 243 405 252 144 234 270 495 432 432 360 297 162 135 297 396 342 315 144 135 288 225 198 477 459 117 45 99 441 450 405 162 306 216 423 369 288 180 198 261 180 333 243 405 405 45 315 567 486 360 306 531 162 225 189 243 522 549 540 0 333 360 216 189
 45 81 198 189 252 108 315 315 315 396 450 252 333 432 315 117 189 333 378 360 180 99 144 252 369 234 270 99 225 144 468 261 45 252 342 270 306 423 324 234 153 144 108 225 216 270 225 189 189 306 135 270 387 387 441 189 342 342 531 378 180 45 81 198 459 513 225 126 270 378 333 333 0 126 162 189
 162 63 279 144 135 144 288 261 369 414 423 279 243 387 198 225 225 432 324 243 72 144 270 360 450 234 189 54 117 63 513 342 153 198 306 153 189 423 369 288 252 234 216 306 126 225 99 72 297 396 198 207 360 306 522 306 234 360 477 261 135 90 198 261 459 495 207 117 171 261 216 360 126 0 153 180
 207 108 189 45 207 72 144 153 234 261 288 135 198 270 234 171 90 324 225 315 216 252 270 306 315 81 135 198 144 99 360 216 144 90 180 270 270 270 225 144 306 306 270 198 108 108 216 162 252 279 99 126 225 243 405 324 243 207 360 369 279 180 189 369 306 351 63 36 306 351 333 216 162 153 0 27
 225 135 180 63 225 81 126 144 216 234 261 108 207 252 243 171 72 315 207 333 243 270 279 297 297 54 144 225 162 126 333 198 162 90 162 297 288 243 198 126 324 324 288 189 126 99 243 189 252 270 99 126 207 243 378 333 252 180 342 387 306 198 198 387 288 324 45 63 333 369 360 189 189 180 27 0
 0 15 23 26 33 16 40 40 37 48 54 32 42 53 40 14 25 36 48 45 24 10 13 26 42 31 35 14 30 21 55 31 8 33 43 34 39 51 39 29 11 11 7 26 29 35 29 26 19 35 18 36 48 49 49 16 43 42 64 46 21 8 8 18 56 61 30 19 33 46 41 40 5 18 23 25
 15 0 24 13 20 9 28 27 34 40 43 25 28 40 26 18 18 40 34 32 15 16 25 34 42 21 21 10 16 7 50 30 10 20 31 24 26 41 35 25 26 24 21 27 15 22 18 13 27 37 15 22 36 34 51 30 29 34 51 36 20 8 16 30 46 51 18 7 26 35 31 34 9 7 12 15
 23 24 0 26 42 16 29 34 15 28 39 15 42 43 46 9 12 16 41 55 39 32 20 14 19 20 36 32 36 29 33 8 17 29 34 48 49 33 17 10 29 32 26 3 33 30 42 36 11 13 10 34 36 46 27 25 48 24 53 59 42 27 15 40 38 45 24 21 50 58 55 21 22 31 21 20
 26 13 26 0 18 12 16 14 31 31 32 19 17 28 20 24 15 42 21 30 22 29 35 39 40 12 10 21 11 9 43 29 20 7 18 27 25 31 29 21 38 37 33 27 7 9 21 14 33 37 16 9 24 23 49 40 22 25 38 36 30 21 25 42 35 39 7 7 31 34 33 27 21 16 5 7
 33 20 42 18 0 26 30 25 49 48 45 37 17 38 8 38 33 58 29 13 13 30 45 53 58 30 14 20 7 13 61 47 30 21 30 10 7 47 47 39 43 40 39 44 11 22 7 7 47 54 32 18 37 24 67 49 12 43 46 18 24 25 36 43 50 52 24 21 17 16 16 45 28 15 23 25
 16 9 16 12 26 0 23 25 26 33 38 17 29 37 31 12 10 33 32 39 24 22 23 28 34 14 22 18 21 13 42 22 9 18 27 32 33 35 26 16 27 27 23 18 17 20 25 20 21 28 6 21 32 35 43 28 33 27 48 43 28 14 14 34 40 45 14 5 34 42 39 26 12 16 8 9
 40 28 29 16 30 23 0 7 26 19 16 15 19 14 29 32 18 41 12 39 37 44 45 44 36 10 17 37 24 25 32 28 32 10 5 40 36 16 22 20 50 50 46 29 20 8 35 29 40 36 24 13 9 19 45 51 27 14 24 48 46 36 36 57 20 23 9 21 46 45 46 18 35 32 16 14
 40 27 34 14 25 25 7 0 32 26 20 21 12 14 22 35 22 47 8 33 34 43 47 48 42 14 11 35 19 22 39 34 33 7 5 35 30 22 29 25 51 51 47 34 16 5 30 25 44 41 27 7 12 13 51 53 21 21 24 42 43 35 38 57 25 27 10 21 41 39 40 25 35 29 17 16
 37 34 15 31 49 26 26 32 0 16 30 12 43 36 50 24 17 17 38 60 49 46 34 25 10 20 38 44 42 37 18 7 30 31 30 56 56 22 4 10 44 46 41 12 38 30 50 44 25 11 20 35 29 45 19 39 50 14 44 67 54 39 30 55 26 34 25 29 60 65 63 9 35 41 26 24
 48 40 28 31 48 33 19 26 16 0 15 16 38 24 47 36 23 33 28 58 53 55 48 40 23 20 35 50 42 40 13 22 40 28 22 58 55 7 12 19 56 58 53 26 37 26 52 46 40 27 29 31 17 37 30 53 46 6 30 66 60 47 41 66 11 18 25 33 63 64 64 8 44 46 29 26
 54 43 39 32 45 38 16 20 30 15 0 24 31 11 42 45 30 47 18 52 53 60 57 53 38 24 31 53 39 41 26 35 46 25 15 55 50 8 25 29 64 65 60 38 35 23 50 45 51 41 37 27 8 27 45 63 39 16 15 62 62 51 49 72 7 7 25 36 61 58 60 21 50 47 32 29
 32 25 15 19 37 17 15 21 12 16 24 0 31 28 38 21 7 26 27 48 39 39 33 29 22 8 26 35 30 26 25 13 24 19 20 45 44 19 10 5 41 42 37 14 26 18 39 33 26 21 13 23 21 34 31 39 38 10 37 55 45 31 26 50 24 30 13 18 49 53 52 9 28 31 15 12
 42 28 42 17 17 29 19 12 43 38 31 31 0 22 11 41 30 57 13 21 28 42 51 56 54 24 7 33 13 21 51 44 36 13 17 26 20 34 41 35 53 51 49 43 13 13 23 20 50 51 33 9 23 8 63 57 9 33 30 31 39 35 42 56 37 37 18 24 33 27 30 37 37 27 22 23
 53 40 43 28 38 37 14 14 36 24 11 28 22 0 33 46 32 53 9 43 48 57 59 57 46 24 24 49 33 36 36 40 46 21 10 48 42 17 32 33 64 64 60 42 30 19 44 39 53 47 38 21 7 17 54 64 30 22 11 53 57 49 50 70 18 16 23 34 54 49 52 27 48 43 30 28
 40 26 46 20 8 31 29 22 50 47 42 38 11 33 0 43 35 62 24 11 21 38 51 58 60 30 12 28 10 19 61 49 36 20 27 16 9 45 48 41 50 48 46 48 13 21 15 14 52 57 36 16 34 18 69 56 4 42 41 20 32 32 42 51 48 48 25 26 23 16 19 45 35 22 26 27
 14 18 9 24 38 12 32 35 24 36 45 21 41 46 43 0 14 23 43 50 33 24 13 16 28 22 34 24 33 24 41 17 9 29 37 42 44 40 26 17 21 23 18 12 30 31 36 31 9 21 9 33 40 46 36 19 45 31 56 54 34 18 6 32 45 51 25 17 43 53 49 28 13 25 19 19
 25 18 12 15 33 10 18 22 17 23 30 7 30 32 35 14 0 27 29 45 33 32 27 26 26 8 24 28 26 21 32 14 17 17 23 40 40 26 16 7 34 35 30 13 22 18 34 27 22 22 6 22 26 34 35 33 36 17 42 51 38 24 19 43 31 37 12 12 43 49 47 16 21 25 10 8
 36 40 16 42 58 33 41 47 17 33 47 26 57 53 62 23 27 0 54 71 55 46 28 13 11 34 51 48 52 45 30 13 32 44 46 64 65 39 21 22 39 42 38 14 49 44 58 52 18 6 26 48 46 60 14 31 63 31 62 76 57 42 28 51 43 51 39 37 66 75 71 26 37 48 36 35
 48 34 41 21 29 32 12 8 38 28 18 27 13 9 24 43 29 54 0 34 39 50 55 55 48 21 16 42 24 29 42 40 41 14 7 39 33 23 34 32 59 58 54 41 22 13 35 30 51 48 34 13 11 9 56 61 21 25 18 44 49 43 46 64 25 25 18 28 46 40 43 30 42 36 25 23
 45 32 55 30 13 39 39 33 60 58 52 48 21 43 11 50 45 71 34 0 22 40 57 66 70 41 23 31 18 26 71 59 43 31 38 13 6 55 58 51 54 51 50 56 23 32 16 19 59 66 45 27 44 27 79 61 13 53 50 10 31 36 49 52 58 59 35 34 19 6 11 55 40 27 35 37
 24 15 39 22 13 24 37 34 49 53 53 39 28 48 21 33 33 55 39 22 0 18 36 48 58 33 24 9 15 13 64 46 24 28 39 10 16 53 49 40 32 29 29 42 18 30 6 9 41 52 30 27 45 36 66 40 25 47 57 22 11 16 29 30 57 60 29 21 11 23 17 48 20 8 24 27
 10 16 32 29 30 22 44 43 46 55 60 39 42 57 38 24 32 46 50 40 18 0 21 36 52 36 36 9 29 21 63 40 16 36 47 28 34 57 47 37 15 11 12 35 29 38 24 23 29 44 26 38 53 50 59 23 41 49 67 39 12 8 18 14 62 67 35 23 26 40 34 48 11 16 28 30
 13 25 20 35 45 23 45 47 34 48 57 33 51 59 51 13 27 28 55 57 36 21 0 16 36 35 44 27 41 32 52 27 15 41 49 47 51 52 37 29 11 15 10 22 39 42 41 38 10 28 21 44 53 57 42 6 54 43 69 58 33 21 9 23 57 64 37 27 46 59 53 40 16 30 30 31
 26 34 14 39 53 28 44 48 25 40 53 29 56 57 58 16 26 13 55 66 48 36 16 0 23 34 49 39 48 40 41 18 24 43 49 57 60 46 29 24 26 30 26 15 45 44 51 47 7 15 22 47 50 60 27 18 60 37 66 69 47 33 18 39 51 58 38 33 58 69 64 33 28 40 34 33
 42 42 19 40 58 34 36 42 10 23 38 22 54 46 60 28 26 11 48 70 58 52 36 23 0 30 48 51 52 46 18 12 36 41 40 65 65 30 14 19 47 50 45 16 47 40 59 53 26 8 28 45 39 55 9 41 61 23 53 76 61 46 34 59 34 41 36 37 68 74 72 18 41 50 35 33
 31 21 20 12 30 14 10 14 20 20 24 8 24 24 30 22 8 34 21 41 33 36 35 34 30 0 18 31 23 20 32 20 23 11 15 38 36 21 18 12 41 41 37 20 18 11 32 26 30 28 14 15 18 26 39 41 31 14 34 48 40 28 26 49 26 31 6 13 43 45 45 15 26 26 9 6
 35 21 36 10 14 22 17 11 38 35 31 26 7 24 12 34 24 51 16 23 24 36 44 49 48 18 0 27 9 14 48 38 29 8 16 24 20 33 36 30 46 45 42 37 6 9 20 15 43 46 26 4 23 14 58 50 12 30 34 31 34 29 35 49 36 38 13 17 30 28 29 33 30 21 15 16
 14 10 32 21 20 18 37 35 44 50 53 35 33 49 28 24 28 48 42 31 9 9 27 39 51 31 27 0 20 13 60 39 16 28 39 20 25 51 44 34 23 20 19 35 21 31 15 14 32 45 24 29 46 41 60 30 32 44 59 31 10 6 21 23 56 60 28 17 19 32 26 44 11 6 22 25
 30 16 36 11 7 21 24 19 42 42 39 30 13 33 10 33 26 52 24 18 15 29 41 48 52 23 9 20 0 9 54 40 26 14 24 16 14 40 40 33 41 39 37 38 4 16 11 6 42 48 26 12 31 21 61 46 13 36 42 25 26 23 32 43 44 46 17 16 22 23 22 38 25 13 16 18
 21 7 29 9 13 13 25 22 37 40 41 26 21 36 19 24 21 45 29 26 13 21 32 40 46 20 14 13 9 0 51 34 17 16 27 19 20 40 36 27 32 30 28 31 8 18 13 7 33 41 19 16 33 28 55 37 22 34 47 30 21 14 23 35 45 48 16 9 23 29 26 35 16 7 11 14
 55 50 33 43 61 42 32 39 18 13 26 25 51 36 61 41 32 30 42 71 64 63 52 41 18 32 48 60 54 51 0 25 47 41 35 70 68 19 16 26 62 64 59 30 50 39 64 58 42 26 37 44 31 50 22 57 60 18 41 79 70 56 47 73 20 26 37 44 74 76 76 16 52 57 40 37
 31 30 8 29 47 22 28 34 7 22 35 13 44 40 49 17 14 13 40 59 46 40 27 18 12 20 38 39 40 34 25 0 24 31 33 54 54 28 11 9 37 40 35 5 36 31 47 41 18 8 16 35 33 47 21 32 50 19 49 65 49 34 23 49 33 40 25 26 56 63 61 15 29 38 24 22
 8 10 17 20 30 9 32 33 30 40 46 24 36 46 36 9 17 32 41 43 24 16 15 24 36 23 29 16 26 17 47 24 0 26 36 34 37 43 31 21 18 19 14 20 24 28 28 23 17 29 10 29 40 43 44 20 39 34 56 45 25 10 6 26 48 53 23 13 35 45 41 32 5 17 16 18
 33 20 29 7 21 18 10 7 31 28 25 19 13 21 20 29 17 44 14 31 28 36 41 43 41 11 8 28 14 16 41 31 26 0 11 30 27 26 28 22 44 44 40 30 10 2 25 19 38 38 21 4 18 17 50 46 20 22 31 39 37 28 32 49 30 33 5 14 36 36 36 25 28 22 10 10
 43 31 34 18 30 27 5 5 30 22 15 20 17 10 27 37 23 46 7 38 39 47 49 49 40 15 16 39 24 27 35 33 36 11 0 40 35 18 27 25 54 54 50 34 21 9 35 30 45 40 28 12 7 15 49 55 25 18 21 47 48 39 40 60 21 22 13 24 46 43 45 22 38 34 20 18
 34 24 48 27 10 32 40 35 56 58 55 45 26 48 16 42 40 64 39 13 10 28 47 57 65 38 24 20 16 19 70 54 34 30 40 0 8 56 55 47 43 39 39 50 20 32 6 13 50 60 38 28 47 34 74 50 20 52 56 12 18 26 39 39 60 62 33 28 7 12 7 53 30 17 30 33
 39 26 49 25 7 33 36 30 56 55 50 44 20 42 9 44 40 65 33 6 16 34 51 60 65 36 20 25 14 20 68 54 37 27 35 8 0 53 54 46 48 45 44 51 18 28 10 13 53 61 39 24 42 27 74 55 13 49 50 12 26 30 43 46 56 57 31 28 15 9 10 51 34 21 30 32
 51 41 33 31 47 35 16 22 22 7 8 19 34 17 45 40 26 39 23 55 53 57 52 46 30 21 33 51 40 40 19 28 43 26 18 56 53 0 18 23 60 61 56 32 36 24 51 45 45 34 32 29 12 32 37 58 43 9 23 64 61 49 45 69 5 12 24 34 62 61 62 13 47 47 30 27
 39 35 17 29 47 26 22 29 4 12 25 10 41 32 48 26 16 21 34 58 49 47 37 29 14 18 36 44 40 36 16 11 31 28 27 55 54 18 0 10 47 48 43 15 36 28 49 43 28 16 21 33 25 42 22 42 48 10 40 66 54 40 32 57 22 30 23 28 59 63 62 5 36 41 25 22
 29 25 10 21 39 16 20 25 10 19 29 5 35 33 41 17 7 22 32 51 40 37 29 24 19 12 30 34 33 27 26 9 21 22 25 47 46 23 10 0 38 39 34 9 28 22 40 34 22 16 11 27 26 38 28 35 42 14 42 57 44 30 22 47 28 35 17 19 50 55 54 11 26 32 16 14
 11 26 29 38 43 27 50 51 44 56 64 41 53 64 50 21 34 39 59 54 32 15 11 26 47 41 46 23 41 32 62 37 18 44 54 43 48 60 47 38 0 4 4 32 40 46 38 36 21 39 28 47 59 60 53 10 54 51 75 54 26 18 15 12 65 71 41 31 40 55 49 49 17 28 34 36
 11 24 32 37 40 27 50 51 46 58 65 42 51 64 48 23 35 42 58 51 29 11 15 30 50 41 45 20 39 30 64 40 19 44 54 39 45 61 48 39 4 0 5 35 38 46 35 34 24 42 29 46 59 59 56 14 52 52 74 50 22 16 17 9 66 72 41 30 36 51 45 50 16 26 34 36
 7 21 26 33 39 23 46 47 41 53 60 37 49 60 46 18 30 38 54 50 29 12 10 26 45 37 42 19 37 28 59 35 14 40 50 39 44 56 43 34 4 5 0 29 36 42 34 32 19 37 24 42 54 56 51 12 50 48 70 50 24 14 12 14 61 67 37 26 37 51 45 45 12 24 30 32
 26 27 3 27 44 18 29 34 12 26 38 14 43 42 48 12 13 14 41 56 42 35 22 15 16 20 37 35 38 31 30 5 20 30 34 50 51 32 15 9 32 35 29 0 34 31 44 38 13 10 12 34 35 47 25 27 49 22 52 62 45 29 18 43 36 43 25 23 53 60 57 18 25 34 22 21
 29 15 33 7 11 17 20 16 38 37 35 26 13 30 13 30 22 49 22 23 18 29 39 45 47 18 6 21 4 8 50 36 24 10 21 20 18 36 36 28 40 38 36 34 0 12 15 9 39 44 23 9 27 20 57 44 15 32 39 30 28 22 30 43 40 43 13 12 26 27 27 34 24 14 12 14
 35 22 30 9 22 20 8 5 30 26 23 18 13 19 21 31 18 44 13 32 30 38 42 44 40 11 9 31 16 18 39 31 28 2 9 32 28 24 28 22 46 46 42 31 12 0 27 21 39 39 22 5 16 16 50 48 21 21 29 40 39 30 33 52 28 31 6 16 38 37 38 24 30 25 12 11
 29 18 42 21 7 25 35 30 50 52 50 39 23 44 15 36 34 58 35 16 6 24 41 51 59 32 20 15 11 13 64 47 28 25 35 6 10 51 49 40 38 35 34 44 15 27 0 6 44 54 32 23 42 31 68 45 19 46 53 18 17 21 34 36 55 57 27 22 11 17 13 47 25 11 24 27
 26 13 36 14 7 20 29 25 44 46 45 33 20 39 14 31 27 52 30 19 9 23 38 47 53 26 15 14 6 7 58 41 23 19 30 13 13 45 43 34 36 34 32 38 9 21 6 0 40 48 26 18 37 28 62 42 18 40 48 23 19 18 29 37 49 52 21 16 17 22 19 41 21 8 18 21
 19 27 11 33 47 21 40 44 25 40 51 26 50 53 52 9 22 18 51 59 41 29 10 7 26 30 43 32 42 33 42 18 17 38 45 50 53 45 28 22 21 24 19 13 39 39 44 40 0 18 17 42 47 55 32 14 54 36 64 62 40 25 11 33 50 56 33 26 51 62 57 32 21 33 28 28
 35 37 13 37 54 28 36 41 11 27 41 21 51 47 57 21 22 6 48 66 52 44 28 15 8 28 46 45 48 41 26 8 29 38 40 60 61 34 16 16 39 42 37 10 44 39 54 48 18 0 22 43 40 54 15 32 58 25 56 71 54 39 26 51 38 45 33 33 63 70 67 20 34 44 31 30
 18 15 10 16 32 6 24 27 20 29 37 13 33 38 36 9 6 26 34 45 30 26 21 22 28 14 26 24 26 19 37 16 10 21 28 38 39 32 21 11 28 29 24 12 23 22 32 26 17 22 0 25 32 38 36 27 38 24 48 49 34 19 13 37 37 43 16 11 41 48 45 22 15 22 11 11
 36 22 34 9 18 21 13 7 35 31 27 23 9 21 16 33 22 48 13 27 27 38 44 47 45 15 4 29 12 16 44 35 29 4 12 28 24 29 33 27 47 46 42 34 9 5 23 18 42 43 25 0 19 13 54 50 16 26 31 35 37 30 35 51 32 34 10 17 34 32 33 29 30 23 14 14
 48 36 36 24 37 32 9 12 29 17 8 21 23 7 34 40 26 46 11 44 45 53 53 50 39 18 23 46 31 33 31 33 40 18 7 47 42 12 25 26 59 59 54 35 27 16 42 37 47 40 32 19 0 20 47 59 32 15 17 54 54 45 44 66 14 15 18 29 53 50 52 20 43 40 25 23
 49 34 46 23 24 35 19 13 45 37 27 34 8 17 18 46 34 60 9 27 36 50 57 60 55 26 14 41 21 28 50 47 43 17 15 34 27 32 42 38 60 59 56 47 20 16 31 28 55 54 38 13 20 0 64 63 14 33 23 37 47 43 48 63 34 33 22 30 41 33 37 37 43 34 27 27
 49 51 27 49 67 43 45 51 19 30 45 31 63 54 69 36 35 14 56 79 66 59 42 27 9 39 58 60 61 55 22 21 44 50 49 74 74 37 22 28 53 56 51 25 57 50 68 62 32 15 36 54 47 64 0 45 70 32 60 85 69 54 41 65 40 47 45 46 77 84 81 27 49 58 45 42
 16 30 25 40 49 28 51 53 39 53 63 39 57 64 56 19 33 31 61 61 40 23 6 18 41 41 50 30 46 37 57 32 20 46 55 50 55 58 42 35 10 14 12 27 44 48 45 42 14 32 27 50 59 63 45 0 59 49 75 62 36 25 15 22 63 69 43 33 49 62 57 45 21 34 36 37
 43 29 48 22 12 33 27 21 50 46 39 38 9 30 4 45 36 63 21 13 25 41 54 60 61 31 12 32 13 22 60 50 39 20 25 20 13 43 48 42 54 52 50 49 15 21 19 18 54 58 38 16 32 14 70 59 0 41 37 23 36 36 45 55 46 46 25 28 27 19 23 45 38 26 27 28
 42 34 24 25 43 27 14 21 14 6 16 10 33 22 42 31 17 31 25 53 47 49 43 37 23 14 30 44 36 34 18 19 34 22 18 52 49 9 10 14 51 52 48 22 32 21 46 40 36 25 24 26 15 33 32 49 41 0 30 61 54 41 36 60 14 21 19 27 57 58 58 5 38 40 23 20
 64 51 53 38 46 48 24 24 44 30 15 37 30 11 41 56 42 62 18 50 57 67 69 66 53 34 34 59 42 47 41 49 56 31 21 56 50 23 40 42 75 74 70 52 39 29 53 48 64 56 48 31 17 23 60 75 37 30 0 60 67 59 60 81 21 15 33 45 63 56 60 35 59 53 40 38
 46 36 59 36 18 43 48 42 67 66 62 55 31 53 20 54 51 76 44 10 22 39 58 69 76 48 31 31 25 30 79 65 45 39 47 12 12 64 66 57 54 50 50 62 30 40 18 23 62 71 49 35 54 37 85 62 23 61 60 0 28 38 51 49 67 68 42 39 14 4 5 63 42 29 41 43
 21 20 42 30 24 28 46 43 54 60 62 45 39 57 32 34 38 57 49 31 11 12 33 47 61 40 34 10 26 21 70 49 25 37 48 18 26 61 54 44 26 22 24 45 28 39 17 19 40 54 34 37 54 47 69 36 36 54 67 28 0 15 29 21 66 69 37 27 14 30 23 54 20 15 31 34
 8 8 27 21 25 14 36 35 39 47 51 31 35 49 32 18 24 42 43 36 16 8 21 33 46 28 29 6 23 14 56 34 10 28 39 26 30 49 40 30 18 16 14 29 22 30 21 18 25 39 19 30 45 43 54 25 36 41 59 38 15 0 14 21 54 59 27 15 26 38 33 40 5 10 20 22
 8 16 15 25 36 14 36 38 30 41 49 26 42 50 42 6 19 28 46 49 29 18 9 18 34 26 35 21 32 23 47 23 6 32 40 39 43 45 32 22 15 17 12 18 30 33 34 29 11 26 13 35 44 48 41 15 45 36 60 51 29 14 0 25 50 56 28 18 40 51 46 34 9 22 21 22
 18 30 40 42 43 34 57 57 55 66 72 50 56 70 51 32 43 51 64 52 30 14 23 39 59 49 49 23 43 35 73 49 26 49 60 39 46 69 57 47 12 9 14 43 43 52 36 37 33 51 37 51 66 63 65 22 55 60 81 49 21 21 25 0 74 79 48 36 35 51 44 59 22 29 41 43
 56 46 38 35 50 40 20 25 26 11 7 24 37 18 48 45 31 43 25 58 57 62 57 51 34 26 36 56 44 45 20 33 48 30 21 60 56 5 22 28 65 66 61 36 40 28 55 49 50 38 37 32 14 34 40 63 46 14 21 67 66 54 50 74 0 7 28 39 66 64 66 18 51 51 34 32
 61 51 45 39 52 45 23 27 34 18 7 30 37 16 48 51 37 51 25 59 60 67 64 58 41 31 38 60 46 48 26 40 53 33 22 62 57 12 30 35 71 72 67 43 43 31 57 52 56 45 43 34 15 33 47 69 46 21 15 68 69 59 56 79 7 0 32 43 68 65 67 25 57 55 39 36
 30 18 24 7 24 14 9 10 25 25 25 13 18 23 25 25 12 39 18 35 29 35 37 38 36 6 13 28 17 16 37 25 23 5 13 33 31 24 23 17 41 41 37 25 13 6 27 21 33 33 16 10 18 22 45 43 25 19 33 42 37 27 28 48 28 32 0 11 38 40 40 21 25 23 7 5
 19 7 21 7 21 5 21 21 29 33 36 18 24 34 26 17 12 37 28 34 21 23 27 33 37 13 17 17 16 9 44 26 13 14 24 28 28 34 28 19 31 30 26 23 12 16 22 16 26 33 11 17 29 30 46 33 28 27 45 39 27 15 18 36 39 43 11 0 31 38 35 27 14 13 4 7
 33 26 50 31 17 34 46 41 60 63 61 49 33 54 23 43 43 66 46 19 11 26 46 58 68 43 30 19 22 23 74 56 35 36 46 7 15 62 59 50 40 36 37 53 26 38 11 17 51 63 41 34 53 41 77 49 27 57 63 14 14 26 40 35 66 68 38 31 0 16 9 58 30 19 34 37
 46 35 58 34 16 42 45 39 65 64 58 53 27 49 16 53 49 75 40 6 23 40 59 69 74 45 28 32 23 29 76 63 45 36 43 12 9 61 63 55 55 51 51 60 27 37 17 22 62 70 48 32 50 33 84 62 19 58 56 4 30 38 51 51 64 65 40 38 16 0 8 61 42 29 39 41
 41 31 55 33 16 39 46 40 63 64 60 52 30 52 19 49 47 71 43 11 17 34 53 64 72 45 29 26 22 26 76 61 41 36 45 7 10 62 62 54 49 45 45 57 27 38 13 19 57 67 45 33 52 37 81 57 23 58 60 5 23 33 46 44 66 67 40 35 9 8 0 60 37 24 37 40
 40 34 21 27 45 26 18 25 9 8 21 9 37 27 45 28 16 26 30 55 48 48 40 33 18 15 33 44 38 35 16 15 32 25 22 53 51 13 5 11 49 50 45 18 34 24 47 41 32 20 22 29 20 37 27 45 45 5 35 63 54 40 34 59 18 25 21 27 58 61 60 0 37 40 24 21
 5 9 22 21 28 12 35 35 35 44 50 28 37 48 35 13 21 37 42 40 20 11 16 28 41 26 30 11 25 16 52 29 5 28 38 30 34 47 36 26 17 16 12 25 24 30 25 21 21 34 15 30 43 43 49 21 38 38 59 42 20 5 9 22 51 57 25 14 30 42 37 37 0 14 18 21
 18 7 31 16 15 16 32 29 41 46 47 31 27 43 22 25 25 48 36 27 8 16 30 40 50 26 21 6 13 7 57 38 17 22 34 17 21 47 41 32 28 26 24 34 14 25 11 8 33 44 22 23 40 34 58 34 26 40 53 29 15 10 22 29 51 55 23 13 19 29 24 40 14 0 17 20
 23 12 21 5 23 8 16 17 26 29 32 15 22 30 26 19 10 36 25 35 24 28 30 34 35 9 15 22 16 11 40 24 16 10 20 30 30 30 25 16 34 34 30 22 12 12 24 18 28 31 11 14 25 27 45 36 27 23 40 41 31 20 21 41 34 39 7 4 34 39 37 24 18 17 0 3
 25 15 20 7 25 9 14 16 24 26 29 12 23 28 27 19 8 35 23 37 27 30 31 33 33 6 16 25 18 14 37 22 18 10 18 33 32 27 22 14 36 36 32 21 14 11 27 21 28 30 11 14 23 27 42 37 28 20 38 43 34 22 22 43 32 36 5 7 37 41 40 21 21 20 3 0
