Ring: 21
1 49 90 10 72 21 11 32 91 98 77 20 55 83 34 85 68 25 61 58 28 
Star: 
2 68
3 34
4 90
5 85
6 49
7 20
8 1
9 20
12 20
13 85
14 34
15 11
16 90
17 11
18 10
19 90
22 90
23 98
24 10
26 90
27 20
29 34
30 85
31 1
33 85
35 20
36 72
37 85
38 10
39 85
40 25
41 34
42 1
43 34
44 68
45 91
46 34
47 32
48 34
50 68
51 61
52 85
53 90
54 68
56 49
57 20
59 21
60 77
62 77
63 49
64 68
65 90
66 90
67 28
69 25
70 90
71 34
73 68
74 21
75 49
76 85
78 85
79 90
80 1
81 25
82 68
84 10
86 20
87 61
88 90
89 1
92 1
93 28
94 90
95 68
96 85
97 49
99 72
100 34
Cost: 94759